0.0000	0.0000	0.0000	0.0000	0.0000	0.0000
0.0000	0.0000	0.0000	0.0000	0.0000	0.0000
0.0000	0.0000	0.0000	0.0000	0.0000	0.0000
0.0000	0.0000	0.0000	0.0000	0.0000	0.0000
0.0000	0.0000	0.0000	0.0000	0.0000	0.0000
0.0000	0.0000	0.0000	0.0000	0.0000	0.0000
0.0000	0.0000	0.0000	0.0000	0.0000	0.0000
0.0000	0.0000	0.0000	0.0000	0.0000	0.0000
0.0000	0.0000	0.0000	0.0000	0.0000	0.0000
0.0000	0.0000	0.0000	0.0000	0.0000	0.0000
0.0000	0.0000	0.0000	0.0000	0.0000	0.0000
0.0000	0.0000	0.0000	0.0000	0.0000	0.0000
0.0000	0.0000	0.0000	0.0000	0.0000	0.0000
0.0000	0.0000	0.0000	0.0000	0.0000	0.0000
0.0000	0.0000	0.0000	0.0000	0.0000	0.0000
0.6256	-0.5211	0.1389	0.0000	0.0000	0.0000
1.2512	-0.6746	0.2779	0.0000	0.0000	0.0000
1.6319	-1.3182	-0.1958	0.0000	0.0000	0.0000
1.6696	-1.8393	-0.6695	0.0000	0.0000	0.0000
1.8297	-2.4829	-0.7756	0.0000	0.0000	0.0000
2.2105	-3.8371	-2.3029	0.0000	0.0000	0.0000
2.8363	-4.8237	-3.3646	0.0000	0.0000	0.0000
3.8295	-5.0997	-3.2256	0.0000	0.0000	0.0000
4.8220	-5.2533	0.6133	0.0000	0.0000	0.0000
4.8594	-5.5294	1.4627	0.0000	0.0000	0.0000
4.1622	-5.0949	-0.3097	0.0000	0.0000	0.0000
3.1216	-3.9498	-0.0485	0.0000	0.0000	0.0000
2.0809	-2.4372	0.9232	0.0000	0.0000	0.0000
1.0404	-0.9246	0.8169	0.0000	0.0000	0.0000
0.0000	0.0000	0.0000	0.0000	0.0000	0.0000
0.0000	0.0000	0.0000	0.0000	0.0000	0.0000
0.0000	0.0000	0.0000	0.0000	0.0000	0.0000
0.0000	0.0000	0.0000	0.0000	0.0000	0.0000
0.0000	0.0000	0.0000	0.0000	0.0000	0.0000
0.0000	0.0000	0.0000	0.0000	0.0000	0.0000
0.0000	0.0000	0.0000	0.0000	0.0000	0.0000
0.0000	0.0000	0.0000	0.0000	0.0000	0.0000
0.0000	0.0000	0.0000	0.0000	0.0000	0.0000
0.0000	0.0000	0.0000	0.0000	0.0000	0.0000
0.0000	0.0000	0.0000	0.0000	0.0000	0.0000
0.0000	0.0000	0.0000	0.0000	0.0000	0.0000
0.0000	0.0000	0.0000	0.0000	0.0000	0.0000
0.0000	0.0000	0.0000	0.0000	0.0000	0.0000
0.0000	0.0000	0.0000	0.0000	0.0000	0.0000
0.0000	0.0000	0.0000	0.0000	0.0000	0.0000
0.0000	0.0000	0.0000	0.0000	0.0000	0.0000
0.0000	0.0000	0.0000	0.0000	0.0000	0.0000
0.0000	0.0000	0.0000	0.0000	0.0000	0.0000
0.0000	0.0000	0.0000	0.0000	0.0000	0.0000
0.0000	0.0000	0.0000	0.0000	0.0000	0.0000
0.0000	0.0000	0.0000	0.0000	0.0000	0.0000
0.0000	0.0000	0.0000	0.0000	0.0000	0.0000
0.0000	0.0000	0.0000	0.0000	0.0000	0.0000
0.0000	0.0000	0.0000	0.0000	0.0000	0.0000
0.0000	0.0000	0.0000	0.0000	0.0000	0.0000
0.0000	0.0000	0.0000	0.0000	0.0000	0.0000
0.0000	0.0000	0.0000	0.0000	0.0000	0.0000
0.0000	0.0000	0.0000	0.0000	0.0000	0.0000
0.0000	0.0000	0.0000	0.0000	0.0000	0.0000
0.0000	0.0000	0.0000	0.0000	0.0000	0.0000
0.0000	0.0000	0.0000	0.0000	0.0000	0.0000
0.0000	0.0000	0.0000	0.0000	0.0000	0.0000
0.0000	0.0000	0.0000	0.0000	0.0000	0.0000
0.0000	0.0000	0.0000	0.0000	0.0000	0.0000
0.0000	0.0000	0.0000	0.0000	0.0000	0.0000
0.0000	0.0000	0.0000	0.0000	0.0000	0.0000
0.0000	0.0000	0.0000	0.0000	0.0000	0.0000
0.0000	0.0000	0.0000	0.0000	0.0000	0.0000
0.0000	0.0000	0.0000	0.0000	0.0000	0.0000
0.0000	0.0000	0.0000	0.0000	0.0000	0.0000
0.0000	0.0000	0.0000	0.0000	0.0000	0.0000
0.0000	0.0000	0.0000	0.0000	0.0000	0.0000
0.0000	0.0000	0.0000	0.0000	0.0000	0.0000
0.0000	0.0000	0.0000	0.0000	0.0000	0.0000
0.1397	-1.0737	0.1355	0.0000	0.0000	0.0000
0.2794	-2.0249	0.3936	0.0000	0.0000	0.0000
0.2966	-2.6331	0.9946	0.0000	0.0000	0.0000
0.3138	-3.5843	2.2083	0.0000	0.0000	0.0000
-0.5020	-4.2904	3.4220	0.0000	0.0000	0.0000
-1.4404	-4.9966	4.2682	0.0000	0.0000	0.0000
-2.3789	-6.0703	4.1588	0.0000	0.0000	0.0000
-3.5624	-7.6341	3.9269	0.0000	0.0000	0.0000
-3.7903	-10.6191	2.3963	0.0000	0.0000	0.0000
-3.4058	-14.5597	-0.1143	0.0000	0.0000	0.0000
-1.8207	-18.8678	-2.2576	0.0000	0.0000	0.0000
0.1076	-23.1759	-3.3227	0.0000	0.0000	0.0000
2.4035	-27.1164	-2.8197	0.0000	0.0000	0.0000
4.5768	-30.4689	-3.8849	0.0000	0.0000	0.0000
6.8726	-32.2532	-5.0726	0.0000	0.0000	0.0000
8.6783	-32.2489	-6.1379	0.0000	0.0000	0.0000
9.7734	-29.9659	-9.1143	0.0000	0.0000	0.0000
10.9915	-24.6933	-3.9561	0.0000	0.0000	0.0000
12.7974	-20.6215	-2.9877	0.0000	0.0000	0.0000
14.6029	-13.5605	-7.4101	0.0000	0.0000	0.0000
14.9885	-3.6322	4.4373	0.0000	0.0000	0.0000
15.0060	4.1396	8.2724	0.0000	0.0000	0.0000
15.3900	9.4117	-0.2171	0.0000	0.0000	0.0000
14.0829	17.6730	-14.6853	0.0000	0.0000	0.0000
12.0667	24.4892	-10.1149	0.0000	0.0000	0.0000
10.5409	30.2274	-1.8446	0.0000	0.0000	0.0000
8.6469	36.3329	-0.9985	0.0000	0.0000	0.0000
7.3414	37.7587	5.4832	0.0000	0.0000	0.0000
5.8153	34.4064	10.5194	0.0000	0.0000	0.0000
3.7981	29.2650	1.6873	0.0000	0.0000	0.0000
3.5686	22.8126	-5.4784	-0.5875	-0.0458	-0.1984
5.0270	15.6630	-0.9071	-0.5646	-0.1602	-0.1526
6.1142	8.5186	-1.1381	-0.2747	-0.1602	-0.0534
6.2456	2.4537	-1.9572	-0.0687	-0.0076	0.0458
5.6690	-2.8987	-0.2771	-0.0687	0.1068	0.1221
3.6501	-7.8811	-2.7868	-0.1526	0.1678	0.1831
0.2122	-10.4845	-9.9523	-0.1526	0.1144	0.1602
-2.1715	-10.6849	-9.3511	-0.0076	0.0000	0.1297
-2.6215	-10.5218	-6.5938	0.2060	-0.0992	0.0992
-2.4864	-9.7787	-5.6253	0.3586	-0.1297	0.0229
-1.6426	-7.2536	-2.6234	0.3281	-0.0916	-0.1450
-0.7991	-5.8110	1.8244	0.2060	-0.0229	-0.3204
-0.2986	-5.7919	-1.0295	0.0763	0.0229	-0.3433
0.7915	-5.7733	-8.9063	0.0000	0.0839	-0.3204
2.7180	-6.4660	-11.1722	0.0534	0.1450	-0.3052
5.7251	-6.4525	-9.6157	0.2136	0.0992	-0.2441
8.7324	-5.6128	-6.1237	0.3204	0.0000	-0.1678
11.9844	-4.7798	0.1127	0.3052	-0.0305	-0.1450
14.8688	-5.0292	2.0367	0.1984	0.0229	-0.1450
16.3324	-5.0327	-3.6840	-0.0305	0.0458	-0.0992
16.1062	-4.9091	-8.1060	-0.2060	0.0305	0.0000
15.8810	-3.8276	-9.1711	-0.1068	0.0305	0.0687
14.9468	-0.5929	-5.3357	0.1526	0.0381	0.0916
14.3813	3.4687	0.0680	0.2823	0.0381	0.1221
12.8611	7.0367	3.5606	0.1678	0.0610	0.1068
10.8518	9.5277	3.8189	-0.0458	0.0610	0.0610
8.2537	10.3580	-0.6028	-0.2518	0.0000	-0.0076
5.2872	9.7493	-4.5344	-0.3128	-0.0305	-0.1297
3.6441	9.0464	-4.6437	-0.1755	-0.0076	-0.2136
2.4674	8.4416	-3.4299	-0.0076	0.0305	-0.1450
2.0270	7.3703	-0.7951	0.0381	0.0534	-0.0534
2.4207	5.5890	0.7616	-0.0305	0.0610	-0.0534
2.2031	3.4435	-0.0583	-0.1602	0.0763	-0.0916
1.9872	1.1799	-1.1232	-0.2060	0.0839	-0.1144
2.1402	-0.7133	-0.8650	-0.1297	0.0534	-0.1068
3.0047	-2.1412	-0.6070	0.0000	0.0381	-0.0458
4.6046	-3.2029	0.2389	0.0610	0.0076	0.0229
6.5461	-3.5549	1.2073	0.0381	-0.0763	0.0763
8.1419	-3.7843	0.3870	-0.0076	-0.1144	0.1144
9.6134	-3.6449	-1.0458	-0.0610	-0.0839	0.0992
10.4724	-2.7937	-2.8216	-0.0534	0.0000	0.0534
11.3339	-1.5756	-3.2989	0.0381	0.1068	0.0076
11.8562	0.3502	-2.4530	0.1373	0.1678	0.0458
12.0141	2.5186	-1.1171	0.1221	0.1373	0.1068
12.1733	4.3189	0.8070	0.0229	0.0610	0.0610
12.2100	5.5332	2.3636	-0.0916	0.0076	-0.0458
12.6137	5.6728	2.1315	-0.1678	0.0000	-0.1068
12.6500	5.0802	1.8995	-0.1373	0.0076	-0.1144
12.6860	3.6556	1.0796	-0.0458	0.0000	-0.0916
12.2560	2.1077	-0.4509	0.0305	-0.0153	-0.0763
11.7033	0.6802	-1.5158	0.1068	-0.0153	-0.0305
10.9053	-0.5053	-2.3357	0.1450	-0.0153	0.0076
9.9853	-1.1055	-1.4894	0.1373	0.0076	0.0153
8.4794	-1.4631	-0.8881	0.1144	0.0992	0.0381
7.1971	-1.7002	0.4483	0.0916	0.1373	0.0381
5.3283	-1.5707	2.0053	0.0534	0.0687	0.0076
3.4588	-1.5640	1.7736	0.0076	-0.0153	0.0000
1.5880	-1.1896	1.2969	-0.0076	-0.0687	0.0076
0.4265	-0.7172	0.4770	-0.0076	-0.0534	0.0000
0.0000	0.0000	0.0000	0.0076	-0.0076	-0.0229
0.0000	0.0000	0.0000	0.0458	0.0305	-0.0076
0.0000	0.0000	0.0000	0.1221	0.0305	0.0000
0.0000	0.0000	0.0000	0.1144	0.0000	-0.0076
0.0006	0.1713	0.2940	0.0229	-0.0458	-0.0381
0.0000	0.0000	0.0000	-0.0229	-0.0534	-0.0458
0.0000	0.0000	0.0000	0.0000	-0.0534	-0.0305
0.0000	0.0000	0.0000	-0.0229	-0.0381	-0.0458
0.0000	0.0000	0.0000	-0.0763	-0.0229	-0.0763
1.8237	1.0096	0.9623	-0.0687	-0.0153	-0.0916
3.0593	2.1429	1.0915	-0.0458	-0.0076	-0.0305
3.9281	2.7866	0.9757	-0.0153	0.0458	0.0381
4.4317	3.1859	-0.0957	-0.0229	0.1068	0.0534
4.5933	3.4878	-0.2115	-0.0305	0.0534	0.0305
4.6318	3.5446	0.7507	0.0000	-0.0305	0.0076
4.6694	3.4788	1.3699	0.0076	-0.0381	0.0305
4.0943	2.9239	1.9891	-0.0381	0.0000	0.0534
3.1771	2.0286	1.1627	-0.1144	0.0458	0.0229
1.5262	0.8912	0.4588	-0.1297	0.0687	-0.0076
0.0000	0.0000	0.0000	-0.0610	0.0992	-0.0381
0.0000	0.0000	0.0000	0.0000	0.1068	-0.0534
0.0000	0.0000	0.0000	0.0610	0.0839	-0.0763
0.0000	0.0000	0.0000	0.1297	0.0229	-0.0534
0.0000	0.0000	0.0000	0.1602	0.0076	0.0076
0.0000	0.0000	0.0000	0.1602	0.0534	0.0229
0.0000	0.0000	0.0000	0.1221	0.0763	0.0076
0.0000	0.0000	0.0000	0.0763	0.0305	0.0076
0.0000	0.0000	0.0000	0.0916	0.0000	0.0153
0.0000	0.0000	0.0000	0.1602	-0.0153	0.0458
0.0000	0.0000	0.0000	0.1602	-0.0229	0.0534
0.0000	0.0000	0.0000	0.0916	-0.0229	0.0381
0.0000	0.0000	0.0000	0.0458	0.0000	0.0153
0.0000	0.0000	0.0000	0.0305	0.0229	-0.0076
0.0000	0.0000	0.0000	-0.0076	0.0305	-0.0153
0.0000	0.0000	0.0000	-0.1144	0.0000	-0.0305
0.0000	0.0000	0.0000	-0.1221	0.0000	-0.0839
0.0000	0.0000	0.0000	-0.0381	0.0534	-0.0763
0.0000	0.0000	0.0000	-0.0305	0.0916	-0.0229
0.0000	0.0000	0.0000	-0.1373	0.0458	0.0076
0.0000	0.0000	0.0000	-0.1984	-0.0305	-0.0229
0.4218	0.5707	-0.3283	-0.1984	-0.0534	-0.0610
0.9661	0.6790	0.1764	-0.1678	-0.0076	-0.0153
1.7561	0.7904	0.3134	-0.1373	0.0381	0.0229
2.1788	0.2919	1.0628	-0.1373	0.0076	0.0305
2.2575	-0.3257	1.0772	-0.1373	-0.0305	0.0153
2.0905	-0.5741	0.5038	-0.0610	-0.0305	0.0153
1.8008	-0.8227	0.1755	0.0000	-0.0153	0.0153
1.6332	-0.7033	-0.3977	-0.0153	-0.0153	0.0076
0.8778	-0.4615	-0.3827	0.0000	0.0000	0.0229
0.0000	0.0000	-0.0000	0.0305	0.0000	0.0458
0.0000	0.0000	0.0000	0.0839	0.0000	0.0381
0.0000	0.0000	0.0000	0.1144	-0.0305	0.0000
0.0000	0.0000	0.0000	0.1144	-0.0305	-0.0305
0.0000	0.0000	0.0000	0.0916	0.0076	-0.0610
0.0000	0.0000	0.0000	0.1144	0.0076	-0.1068
0.0000	0.0000	0.0000	0.1678	0.0076	-0.0763
0.0000	0.0000	0.0000	0.1907	0.0381	0.0305
0.0000	0.0000	0.0000	0.1678	0.0381	0.0916
0.0000	0.0000	0.0000	0.1373	0.0381	0.0534
0.0000	0.0000	0.0000	0.1068	0.0458	0.0000
0.0000	0.0000	0.0000	0.0687	0.0381	-0.0229
0.0000	0.0000	0.0000	0.0076	0.0153	-0.0305
0.0000	0.0000	0.0000	-0.0229	0.0076	0.0000
0.0000	0.0000	0.0000	-0.0458	0.0076	0.0305
0.0000	0.0000	0.0000	-0.0839	-0.0076	0.0381
0.0000	0.0000	0.0000	-0.1297	-0.0458	0.0153
0.0000	0.0000	0.0000	-0.1450	-0.0458	0.0000
0.0000	0.0000	0.0000	-0.1526	-0.0153	0.0229
0.0000	0.0000	0.0000	-0.1678	0.0000	0.0381
0.0000	0.0000	0.0000	-0.1907	0.0000	0.0076
0.0000	0.0000	0.0000	-0.1678	-0.0229	-0.0153
0.0000	0.0000	0.0000	-0.1602	-0.0229	-0.0076
0.0000	0.0000	0.0000	-0.1984	0.0000	0.0076
0.0000	0.0000	0.0000	-0.1907	0.0305	0.0305
-0.3082	-1.2333	-0.2190	-0.0916	0.0610	0.0153
-0.3700	-2.8094	-0.1932	-0.0229	0.0610	0.0000
-0.6759	-3.7975	0.2006	0.0000	0.0305	-0.0076
-0.6146	-4.6628	-0.1163	0.0000	0.0000	-0.0381
-0.9205	-5.1607	0.4003	-0.0153	-0.0076	-0.0610
-0.8586	-5.4377	0.7944	-0.0153	0.0153	-0.0381
-0.5751	-5.2240	0.8211	-0.0229	0.0534	-0.0076
-0.6333	-4.5447	0.8483	0.0000	0.0534	0.0153
-0.3486	-3.4998	0.5325	0.0992	0.0000	0.0305
-0.0642	-1.7480	0.2172	0.1678	-0.0229	0.0381
0.0000	0.0000	0.0000	0.1831	0.0153	0.0381
0.0000	0.0000	0.0000	0.1984	0.0534	0.0000
0.0000	0.0000	0.0000	0.1907	0.0381	-0.0305
0.0000	0.0000	0.0000	0.1297	0.0000	-0.0381
0.0000	0.0000	0.0000	0.0687	-0.0305	-0.0229
0.0000	0.0000	0.0000	0.0305	-0.0305	-0.0381
0.0000	0.0000	0.0000	0.0458	-0.0229	-0.0839
0.0000	0.0000	0.0000	0.0610	0.0000	-0.0687
0.0000	0.0000	0.0000	0.0534	0.0229	-0.0229
0.0000	0.0000	0.0000	0.0305	0.0458	0.0000
0.0000	0.0000	0.0000	-0.0153	0.0458	0.0534
0.0000	0.0000	0.0000	-0.0610	0.0229	0.0916
0.0000	0.0000	0.0000	-0.0839	0.0000	0.1068
0.0000	0.0000	0.0000	-0.1144	0.0229	0.0763
0.0000	0.0000	0.0000	-0.0839	0.0687	0.0000
0.0000	0.0000	0.0000	-0.0076	0.0992	-0.0458
0.0000	0.0000	0.0000	0.0305	0.0916	-0.0305
0.0000	0.0000	0.0000	0.0458	0.0381	0.0153
0.0000	0.0000	0.0000	0.0000	0.0000	0.0381
0.0000	0.0000	0.0000	-0.0687	0.0000	0.0153
0.0000	0.0000	0.0000	-0.0992	0.0000	-0.0153
0.0000	0.0000	0.0000	-0.0992	0.0076	-0.0305
0.0000	0.0000	0.0000	-0.0534	-0.0305	0.0000
0.0000	0.0000	0.0000	0.0153	-0.0610	0.0381
0.0000	0.0000	0.0000	0.0687	-0.0458	0.0534
0.0000	0.0000	0.0000	0.0534	-0.0153	0.0458
0.0000	0.0000	0.0000	0.0000	0.0381	0.0076
0.0000	0.0000	0.0000	0.0000	0.0839	-0.0381
0.0000	0.0000	0.0000	0.0000	0.0916	-0.0763
0.0000	0.0000	0.0000	0.0229	0.0687	-0.0687
0.0000	0.0000	0.0000	0.0153	0.0687	-0.0687
0.0000	0.0000	0.0000	-0.0458	0.0992	-0.0610
0.0000	0.0000	0.0000	-0.0763	0.0458	-0.0381
0.0000	0.0000	0.0000	-0.0458	-0.0153	-0.0305
0.0000	0.0000	0.0000	0.0305	-0.0305	-0.0381
0.0000	0.0000	0.0000	0.1373	0.0000	-0.0229
0.0000	0.0000	0.0000	0.1297	0.0305	-0.0229
0.0000	0.0000	0.0000	0.0076	0.0153	-0.0458
0.0000	0.0000	0.0000	-0.0763	-0.0153	-0.0610
0.0000	0.0000	0.0000	-0.0839	0.0000	-0.0610
0.0000	0.0000	0.0000	-0.0229	0.0076	-0.0381
0.0000	0.0000	0.0000	0.0076	0.0000	-0.0153
0.0000	0.0000	0.0000	-0.0076	-0.0381	0.0153
0.0000	0.0000	0.0000	-0.0153	-0.0610	0.0381
0.0000	0.0000	0.0000	0.0076	0.0000	0.0229
0.0000	0.0000	0.0000	0.0153	0.0992	0.0229
0.0000	0.0000	0.0000	-0.0305	0.1068	0.0229
0.0000	0.0000	0.0000	-0.0305	0.0610	0.0153
0.0000	0.0000	0.0000	-0.0153	0.0458	-0.0153
0.0000	0.0000	0.0000	0.0000	0.0916	-0.0763
0.0000	0.0000	0.0000	-0.0076	0.1297	-0.0534
0.0000	0.0000	0.0000	-0.0305	0.0687	-0.0153
0.0000	0.0000	0.0000	-0.1068	-0.0458	-0.0381
0.0000	0.0000	0.0000	-0.1755	-0.1068	-0.0992
0.0000	0.0000	0.0000	-0.1450	-0.0916	-0.0992
0.0000	0.0000	0.0000	-0.0916	-0.0381	-0.0381
0.0000	0.0000	0.0000	-0.0229	0.0076	0.0229
0.0000	0.0000	0.0000	0.0839	0.0381	0.0610
0.0000	0.0000	0.0000	0.0229	0.0687	0.0153
0.0000	0.0000	0.0000	0.0000	0.0000	0.0000
0.0000	0.0000	0.0000	0.0000	0.0000	0.0000
0.0000	0.0000	0.0000	0.0000	0.0000	0.0000
0.0000	0.0000	0.0000	0.0000	0.0000	0.0000
0.0000	0.0000	0.0000	0.0000	0.0000	0.0000
0.0000	0.0000	0.0000	0.0000	0.0000	0.0000
0.0000	0.0000	0.0000	0.0000	0.0000	0.0000
0.0000	0.0000	0.0000	0.0000	0.0000	0.0000
0.0000	0.0000	0.0000	0.0000	0.0000	0.0000
0.0000	0.0000	0.0000	0.0000	0.0000	0.0000
0.0000	0.0000	0.0000	0.0000	0.0000	0.0000
0.0000	0.0000	0.0000	0.0000	0.0000	0.0000
0.0000	0.0000	0.0000	0.0000	0.0000	0.0000
0.0000	0.0000	0.0000	0.0000	0.0000	0.0000
0.0000	0.0000	0.0000	0.0000	0.0000	0.0000
0.0000	0.0000	0.0000	0.6561	-1.1749	-0.1602
0.0000	0.0000	0.0000	1.9913	-3.3417	-0.5417
0.0000	0.0000	0.0000	2.2049	-3.6011	-0.8316
0.0000	0.0000	0.0000	1.0757	-1.6327	-0.6027
0.0000	0.0000	0.0000	0.1068	-0.1297	-0.1831
0.0000	0.0000	0.0000	-0.1831	0.2289	0.0305
0.0000	0.0000	0.0000	-0.1297	0.0763	0.0458
0.0000	0.0000	0.0000	-0.0229	-0.0839	-0.0305
0.0000	0.0000	0.0000	0.0381	-0.1144	-0.1221
0.0000	0.0000	0.0000	0.0534	-0.0916	-0.2518
0.0000	0.0000	0.0000	0.0153	-0.0687	-0.3586
0.0000	0.0000	0.0000	-0.0076	-0.0229	-0.3357
0.0000	0.0000	0.0000	0.0000	0.0153	-0.1678
0.0000	0.0000	0.0000	0.0458	0.0000	0.0076
0.0000	0.0000	0.0000	0.0687	-0.0610	0.0534
0.0000	0.0000	0.0000	0.0534	-0.0992	-0.0381
0.0000	0.0000	0.0000	0.0305	-0.0916	-0.1602
0.0000	0.0000	0.0000	0.0610	-0.0534	-0.2136
0.0000	0.0000	0.0000	0.1144	0.0000	-0.1907
0.0000	0.0000	0.0000	0.1526	0.0076	-0.1602
0.0000	0.0000	0.0000	0.1450	0.0000	-0.1373
0.0000	0.0000	0.0000	0.0763	0.0076	-0.1068
0.0000	0.0000	0.0000	0.0534	0.0381	-0.0458
0.0000	0.0000	0.0000	0.0687	0.0458	0.0000
0.0000	0.0000	0.0000	0.0839	0.0000	-0.0305
0.0000	0.0000	0.0000	0.1297	-0.0381	-0.0687
0.0000	0.0000	0.0000	0.1678	-0.0153	-0.0458
0.0000	0.0000	0.0000	0.1602	0.0000	0.0076
0.0000	0.0000	0.0000	0.1526	0.0000	0.0610
0.0000	0.0000	0.0000	0.1144	-0.0076	0.0534
0.0000	0.0000	0.0000	0.0000	-0.0229	0.0000
0.0000	0.0000	0.0000	-0.0763	-0.0381	-0.0305
0.0000	0.0000	0.0000	-0.0534	-0.0458	-0.0153
0.0000	0.0000	0.0000	0.0000	-0.0610	-0.0076
0.0000	0.0000	0.0000	0.0000	-0.0610	0.0000
0.0000	0.0000	0.0000	0.0000	-0.0381	0.0076
0.0000	0.0000	0.0000	0.0000	-0.0305	-0.0076
0.0000	0.0000	0.0000	-0.0076	-0.0305	-0.0153
0.0000	0.0000	0.0000	0.0305	-0.0305	0.0076
-0.1839	0.0010	0.1224	0.0992	-0.0305	0.0000
0.0000	0.0000	0.0000	0.0992	0.0076	-0.0305
0.0000	0.0000	0.0000	-0.0153	0.0687	-0.0839
0.0000	0.0000	0.0000	-0.1221	0.0534	-0.0916
0.0000	0.0000	0.0000	-0.1068	0.0076	-0.0305
0.0000	0.0000	0.0000	-0.0610	0.0153	0.0153
0.0000	0.0000	0.0000	-0.0305	0.0610	0.0534
0.0000	0.0000	0.0000	0.0000	0.0687	0.0534
0.0000	0.0000	0.0000	0.0381	0.0534	0.0076
0.0000	0.0000	0.0000	0.0381	0.0534	-0.0458
0.0000	0.0000	0.0000	0.0687	0.0305	-0.0687
0.0000	0.0000	0.0000	0.0992	0.0000	-0.0381
0.0000	0.0000	0.0000	0.0992	-0.0381	-0.0153
0.0000	0.0000	0.0000	0.0687	-0.0534	-0.0229
0.0000	0.0000	0.0000	0.0610	-0.0305	-0.0153
0.0000	0.0000	0.0000	0.0839	-0.0076	-0.0229
0.0000	0.0000	0.0000	0.1450	0.0305	-0.0534
0.0000	0.0000	0.0000	0.1297	0.0534	-0.0458
0.0000	0.0000	0.0000	0.0916	0.0076	-0.0229
0.0000	0.0000	0.0000	0.1373	-0.0229	0.0000
0.0000	0.0000	0.0000	0.1602	-0.0153	0.0229
0.0000	0.0000	0.0000	0.0992	0.0153	0.0229
0.0000	0.0000	0.0000	0.0076	0.0458	0.0076
0.0000	0.0000	0.0000	-0.0763	0.0381	0.0229
0.0000	0.0000	0.0000	-0.1526	0.0305	0.0076
0.0000	0.0000	0.0000	-0.1373	0.0153	-0.0153
0.0000	0.0000	0.0000	-0.0305	-0.0229	-0.0305
0.0000	0.0000	0.0000	0.0229	-0.0687	-0.0229
0.0000	0.0000	0.0000	0.0305	-0.0381	-0.0458
0.0000	0.0000	0.0000	0.0687	0.0381	-0.0992
0.0000	0.0000	0.0000	0.0992	0.0763	-0.1221
0.0000	0.0000	0.0000	0.0305	0.0839	-0.0839
0.0000	0.0000	0.0000	-0.0381	0.0839	-0.0153
0.0000	0.0000	0.0000	-0.0458	0.0839	0.0229
0.9675	-0.8258	0.8389	-0.0458	0.0992	0.0458
2.3055	-1.6492	0.7223	-0.0687	0.1221	0.0763
3.0345	-2.2251	0.8508	-0.1068	0.1602	0.1221
4.8480	-1.9650	0.6131	-0.1526	0.2670	0.1068
18.7545	4.6368	0.3871	-0.1984	0.4044	0.0763
45.9528	12.6566	0.1660	-0.2365	0.5112	0.5035
79.9930	14.5840	-0.4044	-0.2365	0.4807	2.6398
111.8798	8.5199	-0.1518	-0.0916	0.1526	6.8130
148.7725	7.7555	-1.2126	0.2441	-0.7782	10.7346
176.8041	2.2196	-1.4459	0.2670	-1.1597	9.3536
206.6018	-1.8763	-1.1842	0.0839	-1.0147	6.8817
234.4931	-10.9846	-1.4179	-0.1144	-0.5493	5.0888
279.7244	-17.8627	-1.6385	-0.1831	-0.1831	4.7684
339.6378	-20.3463	-1.4767	-0.1755	-0.2518	5.5847
390.3215	-21.2798	-3.3498	-0.1984	-0.5798	8.0414
432.6869	-31.1662	-3.8146	-0.3052	-0.6332	13.0157
466.1393	-34.4531	-2.9540	-0.4425	-0.4044	17.3950
491.2321	-26.2591	-1.9647	-0.5035	-0.2747	17.5476
527.2305	-19.7211	-3.0021	-0.3738	-0.2213	16.4261
572.7212	-19.3339	-3.4494	-0.2518	-0.1373	17.5629
618.5926	-20.3047	-3.1619	-0.2670	-0.1755	19.5007
665.4207	-13.6294	-3.2327	-0.2670	-0.3738	19.4626
714.2103	-11.4030	-1.9802	-0.1984	-0.5951	17.8757
785.8974	-25.4462	-5.6167	-0.1602	-0.8621	16.4948
825.3382	-25.0545	-6.4008	-0.2136	-1.1902	12.5504
872.9879	-35.7185	-8.6261	-0.2213	-1.2054	7.0953
913.4158	-50.2325	-9.0705	-0.1907	-1.0834	4.4632
960.8437	-62.8972	-10.0873	-0.2060	-1.1673	2.8992
1029.1770	-87.4430	-9.0440	-0.3662	-1.1063	2.0065
1066.0483	-107.0070	-9.5829	-0.7553	-0.8011	0.5875
1118.4267	-124.6767	-11.4155	-0.8240	-0.6332	-2.9907
1145.6626	-143.9424	-10.4199	-0.5188	-0.7629	-5.5313
1187.4402	-161.5159	-10.2280	-0.2289	-1.0147	-6.8054
1261.9627	-178.5148	-12.0047	0.0229	-1.1139	-9.2163
1328.5773	-184.2356	-11.9957	0.0916	-0.8621	-11.2915
1394.0997	-188.7082	-10.6624	-0.1297	-0.4425	-10.0784
1434.4222	-190.0375	-10.3315	-0.3662	-0.2594	-6.3477
1488.7503	-192.4462	-13.2052	-0.3128	-0.4807	-3.1052
1520.2865	-205.7496	-17.2084	-0.2823	-0.2060	-0.7935
1553.6149	-218.6411	-11.9975	-0.6714	1.2131	1.9608
1594.9331	-233.8947	-18.9790	-0.8163	1.5869	3.4180
1626.4937	-244.3943	-14.4866	-0.5341	0.8698	1.3580
1648.4618	-245.0973	-12.5335	-0.4120	1.0681	-2.6016
1677.6418	-253.9447	-11.6515	-0.3128	1.1139	-3.7460
1722.4043	-271.5358	-12.1693	-0.0763	0.1297	0.3128
1754.7833	-301.2689	-10.7962	0.0534	-0.7095	5.2338
1778.7040	-312.2178	-8.8420	0.0992	-0.8240	2.8839
1798.4279	-316.5580	-8.9251	0.1144	-0.9689	-5.7602
1805.5551	-327.5740	-10.8199	-0.0610	-1.3809	-8.9417
1802.7962	-337.5339	-9.8662	-0.2823	-1.5869	-4.6921
1803.8934	-349.9285	-11.0612	-0.3281	-1.4725	-0.4044
1789.1719	-355.1542	-12.1675	-0.2289	-1.3809	1.4343
1792.0236	-360.8265	-11.5677	-0.0458	-1.1749	1.5945
1807.4258	-359.8402	-13.0669	0.1221	-1.0834	1.4496
1800.2696	-357.0454	-10.4565	0.0763	-1.0910	3.7766
1782.8099	-353.5875	-8.5845	-0.0458	-1.1444	7.4005
1764.2115	-348.8368	-5.6395	0.0153	-1.5259	7.3776
1747.6118	-343.3482	-7.1259	0.0916	-1.5640	3.8452
1727.1115	-348.7138	-8.6279	-0.0458	-0.9537	3.1128
1689.0601	-356.5323	-10.2815	-0.3510	-0.1297	6.7139
1656.1693	-358.5380	-8.7077	-0.5646	0.2594	9.4070
1627.2136	-359.4031	-9.9884	-0.5646	0.1144	9.7427
1595.5126	-350.0465	-8.4101	-0.4883	-0.0763	10.2997
1551.4063	-337.7508	-8.0464	-0.4272	-0.2518	13.0692
1495.1212	-312.5143	-6.6697	-0.3052	-0.7172	17.5934
1463.3002	-292.0310	-8.3087	-0.2136	-1.2436	21.5302
1429.3149	-269.6285	-8.5378	-0.3052	-1.3275	23.6130
1379.3199	-238.5345	-9.9041	-0.4120	-1.0834	23.0789
1339.3931	-217.8708	-8.8377	-0.3738	-0.8316	20.8206
1300.9102	-206.1912	-7.6452	-0.2060	-0.6638	18.7759
1272.8015	-204.5038	-10.2633	-0.0534	-0.6485	14.7400
1223.0854	-191.9534	-10.5621	0.0992	-0.7553	5.1804
1172.4302	-180.1423	-10.1565	0.2518	-0.7095	-7.8201
1109.5766	-164.8065	-7.9862	0.3128	-0.6180	-17.4942
1040.8661	-148.8347	-6.3309	0.2670	-0.5569	-20.3400
972.8145	-134.7810	-4.1856	0.1907	-0.4959	-17.2424
920.5318	-127.6518	-2.8387	0.1297	-0.4196	-11.0397
858.3107	-115.4935	-2.9534	0.0916	-0.3510	-7.3471
786.0248	-107.3931	-2.6444	0.0000	-0.3662	-6.6223
722.4530	-99.1527	-1.2249	-0.1297	-0.3738	-4.8523
660.9524	-92.4149	-0.6322	-0.1678	-0.3433	-1.5106
598.3335	-84.3932	-0.6338	-0.1907	-0.2899	2.6855
537.7389	-71.7828	-0.7513	-0.2823	-0.2060	5.7602
488.2407	-53.9906	-0.4574	-0.3204	-0.1144	6.3019
434.7236	-33.9250	-0.4259	-0.2975	-0.0305	5.4016
379.7315	-17.2757	-1.7234	-0.3052	0.0381	4.9286
333.9869	2.2460	-2.4939	-0.3586	0.0839	5.3864
289.5887	16.3000	-1.8370	-0.3738	0.0992	6.4316
251.4025	26.5689	-2.1097	-0.3204	0.0839	8.6212
219.6435	33.9951	-2.1107	-0.2747	0.0534	10.2921
179.6789	39.3480	-1.6792	-0.2213	-0.0381	9.8801
140.7672	41.4723	-1.3412	-0.1144	-0.1831	8.6823
108.1016	42.8231	-1.3458	0.0153	-0.2747	7.6218
78.8966	37.3302	-1.2125	0.0687	-0.2899	7.9498
53.7007	30.0405	-0.8175	-0.0381	-0.1755	10.2768
33.0669	19.5323	-0.7701	-0.1373	0.0076	12.4512
17.6975	9.5683	-1.0685	-0.1373	0.0534	12.4588
5.1439	1.1236	-0.6205	-0.1144	0.0000	9.8724
2.4993	-0.2262	-0.8689	-0.0534	-0.0381	5.7678
1.5988	-0.4305	-0.9878	0.0305	-0.0534	1.8997
0.6799	-0.2686	-0.4944	0.0534	-0.0839	-0.2823
0.0000	0.0000	0.0000	0.0305	-0.0992	-0.7019
0.0000	0.0000	0.0000	0.0076	-0.1068	-0.3662
0.0000	0.0000	0.0000	-0.0076	-0.0610	-0.0534
0.0000	0.0000	0.0000	-0.0381	0.0305	0.0305
0.0000	0.0000	0.0000	-0.0229	0.0839	-0.0610
0.0000	0.0000	0.0000	0.0000	0.0916	-0.6332
0.0000	0.0000	0.0000	-0.0687	0.0763	-2.1286
0.0000	0.0000	0.0000	-0.0763	0.0534	-4.6158
0.0000	0.0000	0.0000	-0.0305	0.0381	-6.6910
0.0000	0.0000	0.0000	-0.0229	0.0305	-7.1640
0.0000	0.0000	0.0000	-0.0153	0.0153	-6.4163
0.0000	0.0000	0.0000	0.0000	0.0000	-5.3177
0.0000	0.0000	0.0000	0.0458	-0.0305	-4.2648
0.0000	0.0000	0.0000	0.0687	-0.0153	-3.3493
0.0000	0.0000	0.0000	0.0687	0.0305	-2.4872
0.0000	0.0000	0.0000	0.0763	0.0534	-1.5640
0.0000	0.0000	0.0000	0.0610	0.0458	-0.6866
0.0000	0.0000	0.0000	0.0381	0.0381	-0.0992
0.0000	0.0000	0.0000	0.0000	0.0916	0.0916
0.0000	0.0000	0.0000	-0.0534	0.1526	0.0687
0.0000	0.0000	0.0000	-0.0763	0.1373	0.0000
0.0000	0.0000	0.0000	-0.0992	0.1068	-0.0153
0.0000	0.0000	0.0000	-0.0992	0.1144	-0.0153
0.0000	0.0000	0.0000	-0.0305	0.1221	0.0000
0.0000	0.0000	0.0000	0.0381	0.0916	0.0458
0.0000	0.0000	0.0000	0.0534	0.0381	0.0687
0.0000	0.0000	0.0000	0.0229	0.0000	0.0534
0.2491	-0.1139	0.0011	0.0153	0.0000	0.0229
0.0000	0.0000	0.0000	0.0076	0.0000	0.0153
0.0000	0.0000	0.0000	-0.0076	0.0076	0.0305
0.0000	0.0000	0.0000	0.0153	0.0153	0.0534
0.0000	0.0000	0.0000	0.0610	0.0076	0.0839
0.0000	0.0000	0.0000	0.0534	0.0076	0.1068
0.0000	0.0000	0.0000	0.0000	0.0153	0.0763
0.0000	0.0000	0.0000	-0.0229	0.0305	0.0381
0.0000	0.0000	0.0000	-0.0076	0.0534	-0.0076
0.0000	0.0000	0.0000	-0.0076	0.0610	-0.0534
0.0000	0.0000	0.0000	0.0229	0.0381	-0.0610
0.0000	0.0000	0.0000	0.0687	-0.0076	-0.0458
0.0000	0.0000	0.0000	0.0992	-0.0305	-0.0381
0.0000	0.0000	0.0000	0.0839	0.0076	-0.0305
0.0000	0.0000	0.0000	-0.0153	0.0000	0.0000
0.0000	0.0000	0.0000	-0.1068	-0.0687	0.0458
0.0000	0.0000	0.0000	-0.1144	-0.1068	0.0381
0.0000	0.0000	0.0000	-0.0763	-0.0839	-0.0076
0.0000	0.0000	0.0000	-0.0458	-0.0381	-0.0153
0.0000	0.0000	0.0000	-0.0305	0.0000	0.0000
0.0000	0.0000	0.0000	-0.0610	0.0153	-0.0153
0.0000	0.0000	0.0000	-0.1068	0.0305	-0.0534
0.0000	0.0000	0.0000	-0.0763	0.0000	-0.0839
0.0000	0.0000	0.0000	-0.0076	-0.0839	-0.0916
0.0000	0.0000	0.0000	0.0000	-0.1144	-0.0687
0.0000	0.0000	0.0000	-0.0076	-0.0916	-0.0381
0.0000	0.0000	0.0000	0.0381	-0.0381	0.0000
0.0000	0.0000	0.0000	0.0839	-0.0076	-0.0076
0.0000	0.0000	0.0000	0.0763	-0.0076	-0.0458
0.0000	0.0000	0.0000	0.0458	0.0000	-0.0381
0.0000	0.0000	0.0000	0.0153	0.0000	-0.0076
0.0000	0.0000	0.0000	0.0381	-0.0076	-0.0229
0.0000	0.0000	0.0000	0.0839	0.0000	-0.0610
0.0000	0.0000	0.0000	0.0534	0.0229	-0.0610
0.0000	0.0000	0.0000	-0.0534	0.0381	-0.0076
0.0000	0.0000	0.0000	-0.1373	0.0610	0.0381
0.0000	0.0000	0.0000	-0.0992	0.0839	0.0687
0.0000	0.0000	0.0000	0.0000	0.1144	0.0458
0.0000	0.0000	0.0000	0.0763	0.1526	0.0305
0.0000	0.0000	0.0000	0.0305	0.1602	0.0458
0.0000	0.0000	0.0000	-0.0916	0.1526	0.0610
0.0000	0.0000	0.0000	-0.1678	0.1297	0.0000
0.0000	0.0000	0.0000	-0.1526	0.1144	-0.0916
-0.1555	1.2907	-0.1209	-0.1068	0.1297	-0.0992
-0.4279	2.4812	-0.1199	-0.0916	0.1297	-0.0076
-1.2886	3.7514	-0.1214	-0.0916	0.1297	0.0229
-2.1466	5.0229	-0.2453	-0.0534	0.1068	0.0076
-3.6176	7.0094	-0.3719	-0.0381	0.0076	-0.0381
-7.0147	19.3504	-1.1197	-0.0610	-0.0839	-0.0992
-11.8935	46.7191	-0.8944	-0.0305	-0.1297	-0.4654
-13.5015	76.8236	-1.3903	0.0153	-0.0992	-2.0676
-12.0872	102.7154	-1.5055	0.0153	0.0000	-4.9057
-11.8332	124.2772	-1.8706	-0.0458	0.1450	-6.8970
-10.4736	145.5079	-2.2312	-0.0687	0.1984	-6.5002
-5.1197	176.9181	-2.9428	-0.0076	-0.0381	-4.6158
0.3141	209.5288	-3.6536	0.0763	-0.5264	-2.6474
5.5753	243.2085	-3.6292	0.1602	-0.7629	-1.3351
11.1973	276.8961	-3.6025	0.1373	-0.4578	-1.1063
16.3423	306.4967	-3.2348	0.0458	0.0687	-2.1744
20.3113	351.8443	-4.6611	0.0381	0.5035	-4.0588
22.6120	398.0910	-3.2278	0.1144	0.6409	-6.4392
17.5871	434.4262	-3.7363	0.2365	0.2365	-9.1934
12.9886	481.5318	-4.2417	0.2899	-0.2899	-11.0245
7.9790	532.1033	-3.1795	0.2670	-0.5188	-11.5967
4.2540	598.6120	-3.1864	0.3891	-0.4883	-12.1689
0.3833	658.7799	-1.1576	0.6714	-0.4730	-13.5040
-5.7628	732.1601	-2.6105	0.8698	-0.4654	-14.7781
-8.2219	815.4159	0.1511	0.8087	-0.2441	-14.5416
-6.7600	882.3474	1.2630	0.6790	0.0916	-13.2675
-3.0759	937.3470	5.6176	0.6409	0.2670	-11.8256
0.0463	988.8408	3.8694	0.5493	0.2213	-9.7504
5.0121	1044.9161	5.7106	0.3815	0.2441	-7.2632
2.7577	1061.1178	7.3776	0.3204	0.2823	-5.5923
7.1874	1142.2777	11.7582	0.4578	0.1068	-5.6915
14.3638	1202.0532	10.0405	0.6104	0.0610	-8.2855
29.4177	1266.1244	13.7282	0.5569	0.5341	-13.5956
40.8392	1361.2340	16.7081	-0.1068	1.4801	-22.0718
46.6806	1443.8007	18.8206	-0.2518	0.9766	-26.5427
52.0119	1515.4400	19.6001	-0.0763	0.5112	-31.5475
48.8181	1572.7640	19.6260	0.1373	0.1602	-35.5301
45.3749	1639.9080	22.4039	0.4425	-0.7553	-36.1023
41.6636	1696.7541	22.4329	0.7553	-0.8926	-34.6298
41.2583	1766.6150	25.9455	0.8392	0.4654	-33.5999
44.7225	1840.6363	22.4244	0.6638	1.8005	-33.3862
48.4760	1908.7659	27.4051	0.6638	1.7242	-33.0429
50.5401	1966.9353	29.9736	1.0223	0.7019	-31.3873
54.8111	2000.0454	31.1075	1.4267	-0.2365	-29.0527
57.0911	2017.3375	34.3738	1.3962	0.2441	-27.6337
54.5597	2034.3547	32.6002	0.9766	1.6785	-27.1912
53.8904	2063.0217	39.2070	0.8774	1.9531	-26.8478
58.7843	2090.1275	37.8210	1.1826	0.7782	-26.3443
68.4057	2136.3430	33.3753	1.4114	-0.9232	-26.0086
79.3413	2169.4511	22.4720	1.0147	-1.1139	-26.9775
86.0526	2188.7221	24.9085	0.6256	0.2441	-29.2969
86.6602	2215.8381	24.4725	0.7858	1.0910	-30.9448
87.7312	2232.9689	19.8308	1.0376	0.9613	-31.6620
85.5686	2246.4626	26.9094	1.4191	0.5569	-31.7917
84.5264	2254.1424	32.5350	1.7319	-0.1907	-29.6936
83.8692	2275.4395	24.5723	1.7624	-0.9918	-25.2075
86.3475	2292.1181	24.6249	2.0218	-1.3123	-20.9274
89.2515	2310.3963	23.3640	2.2583	-1.1597	-18.8141
94.6722	2340.9673	24.7728	1.6251	-0.5417	-18.4555
96.1438	2372.5655	21.7606	0.5035	0.3891	-17.7612
102.1376	2402.2709	14.8153	0.1984	-0.0534	-15.4343
107.7211	2419.3904	8.1758	0.6638	-1.3275	-12.2604
113.9737	2434.1306	15.8909	0.4807	-0.0458	-10.1089
114.1992	2437.5078	9.5567	0.0153	2.0905	-10.6583
111.5136	2437.4172	6.0683	0.5341	1.6708	-13.3286
107.1543	2433.5496	7.1193	1.4572	0.1907	-16.8304
102.9254	2445.7276	2.4663	1.1978	0.5722	-21.1029
106.4757	2455.5923	13.3913	0.0763	1.7853	-25.1083
111.7529	2470.6532	15.4935	-0.1526	0.9766	-26.7639
113.7510	2484.7126	16.8470	0.2136	-0.4349	-25.6500
116.5656	2499.5561	14.8738	0.2060	-0.5951	-23.3459
119.2876	2501.1836	20.0349	0.1144	-0.7858	-21.2784
118.4486	2503.4469	18.0067	0.2975	-0.9995	-19.1345
115.8037	2500.8695	22.5223	0.4654	-0.5722	-16.1514
109.4337	2499.4430	19.3837	0.6332	0.0305	-12.7182
108.9411	2491.8985	20.4337	0.8545	0.4044	-9.7046
112.7204	2477.1798	23.8488	0.5722	0.3815	-8.5373
120.9182	2464.2680	30.1770	0.1144	0.1602	-11.0321
126.7421	2461.8941	24.7985	0.0000	0.3738	-16.7084
126.6207	2458.2259	2.2917	0.1450	0.3433	-23.1323
132.3454	2460.8483	-1.8678	0.6866	-0.6485	-27.9160
138.1667	2467.7344	-3.1429	1.3351	-0.8545	-29.5181
142.2371	2477.8258	-3.8225	1.3809	-0.2594	-27.8397
140.8527	2492.3742	-8.4475	1.1292	-0.3662	-23.3002
139.9652	2501.8158	-13.3112	1.0452	-1.0376	-16.5787
134.5624	2505.2760	-17.8734	0.9918	-0.6485	-8.8272
125.3459	2487.9939	-15.1139	0.9384	1.2360	-0.1068
124.6521	2471.3365	-6.3433	0.9537	2.5406	9.8495
133.4770	2466.8954	-21.0595	0.7782	2.1439	20.0882
147.3553	2473.0831	-11.8950	0.4349	0.7172	27.5574
164.9234	2471.6094	-13.1667	0.5875	-0.2518	29.4647
189.8031	2465.5761	-13.9448	0.9613	-0.4196	26.1612
207.2951	2454.1961	-21.3637	0.7553	-0.2975	19.8517
217.7039	2437.9942	-25.9625	0.1984	0.1068	13.8474
220.2911	2407.3791	-28.6228	0.2441	-0.0305	10.0861
216.7104	2375.7321	-42.0676	0.8011	-0.9918	7.2632
210.3586	2346.3767	-42.6000	0.8011	-0.8774	4.1046
203.2136	2317.4259	-44.4571	0.3204	0.2365	0.8545
194.6641	2287.5565	-34.2196	0.2289	0.3433	-0.7401
191.8694	2271.3499	-39.6996	0.4883	-0.5798	1.8997
196.4251	2263.8083	-43.1991	0.3128	-0.9155	7.8888
194.9728	2257.9060	-41.4436	-0.3815	-0.1297	13.0081
203.9946	2239.4694	-30.9888	-1.0681	0.6866	14.3738
209.2370	2210.7460	-37.6981	-1.3046	0.6714	11.1313
216.9834	2185.7380	-29.3099	-0.6027	-0.5417	4.5166
205.2992	2158.8620	-37.1484	0.3891	-1.6251	-2.0218
188.7655	2144.0367	-37.4033	0.5341	-1.6785	-5.8517
171.6203	2122.7827	-39.0171	0.1984	-1.6937	-7.5989
152.7257	2089.0306	-29.2076	0.0687	-1.2054	-9.0942
126.9564	2049.6154	-29.6220	0.1984	0.3128	-10.4980
103.5205	2033.1930	-32.3162	0.4654	1.1826	-10.4904
88.3834	2029.9014	-25.3325	0.4578	0.7095	-8.9340
85.9683	2035.2948	-34.0613	0.2823	0.1907	-7.3471
89.1121	2034.2855	-24.9619	0.1526	-0.1221	-5.8212
87.0037	2043.9284	-24.2102	0.0381	0.2823	-2.4338
91.3173	2052.4826	-24.9829	0.2975	0.7553	3.3417
105.6297	2074.4884	-16.3391	0.5112	0.4196	10.1166
119.7584	2098.7421	-19.6415	0.4120	0.2136	14.4653
143.8414	2124.6423	-22.8980	0.5341	0.5035	13.9923
171.3734	2153.2162	-30.3185	0.6638	0.9537	9.8953
200.9477	2173.6176	-43.1405	0.3204	0.4120	5.4321
223.2596	2175.5704	-47.6052	0.0000	-0.6332	4.1733
237.1641	2169.6044	-50.3521	0.1450	-0.7172	5.4321
245.5236	2153.2558	-53.1734	0.1984	-0.5722	5.8975
240.7570	2120.8194	-59.4603	-0.0458	-0.5035	5.4932
233.0862	2105.1003	-57.1926	-0.1678	0.1297	6.0730
226.8182	2090.6997	-50.6003	0.2213	0.5875	7.6599
222.3886	2071.3461	-42.7056	1.1368	0.5417	9.9335
224.0644	2050.2625	-23.0885	1.8539	0.1297	12.7945
227.1065	2029.2305	-12.3140	1.6022	-0.8926	15.5640
230.5168	2014.8454	-18.7268	0.8926	-1.5106	17.5018
242.0470	1994.3119	-25.1425	0.6561	-1.1673	14.8392
265.2793	1999.9154	0.9375	0.7629	-1.3962	7.5378
295.8206	2012.5224	-21.3502	1.0147	-1.0300	-0.6561
325.8302	2006.1604	-2.7086	1.1368	-0.2518	-5.8517
342.9289	1990.7032	7.0753	0.6866	-0.2060	-9.0027
356.2073	1974.9723	3.2179	0.0916	-0.5341	-11.5891
362.8988	1953.1264	7.6511	0.0839	-0.7324	-12.7335
363.2180	1942.8407	-7.2563	0.5951	-0.7858	-11.9400
358.6548	1933.7776	-14.6320	0.9766	-0.7553	-9.5520
353.1845	1929.4356	-18.9938	0.7095	-0.6180	-6.3095
337.1842	1920.4254	-23.3112	-0.1068	-0.5035	-4.2725
319.1843	1910.1666	-34.1153	-0.6104	-0.9766	-4.5242
301.6895	1900.9377	-40.9680	-0.0839	-1.7319	-6.0577
283.3471	1893.7883	-28.4336	1.2054	-1.9150	-7.6752
266.6060	1887.7759	-10.7409	2.3346	-0.9995	-9.0408
248.3816	1885.1049	-32.9994	2.5482	0.3967	-10.3378
238.2435	1871.0431	-42.3563	1.5640	-0.0916	-11.4441
229.0601	1870.4130	-45.2710	1.1139	-0.3281	-13.1531
220.5374	1868.1833	-33.8340	1.3657	0.6561	-16.1514
216.7283	1860.1897	-24.1043	0.6104	-0.1221	-18.9056
213.3828	1862.3207	-24.8373	-0.0687	-0.5341	-19.1803
211.7318	1869.7858	-34.0019	0.1755	0.6180	-17.3340
216.2098	1877.8987	-53.6668	0.4349	0.9079	-14.5569
230.0268	1884.4787	-39.5536	0.1221	-0.1907	-10.4675
243.5283	1891.4504	-9.1674	-0.1678	-1.4191	-6.1874
262.6020	1905.6152	4.7863	0.2670	-1.3657	-3.4409
279.8489	1919.6732	20.7657	0.9308	-0.7019	-1.9379
300.3267	1931.5314	2.4184	1.1826	0.2441	-1.2054
333.8162	1931.7079	-2.2986	0.9232	1.1063	-1.6708
363.1831	1914.3073	-5.8699	0.2823	0.3586	-3.3188
389.4740	1888.2451	-4.9611	-0.1678	-0.9766	-5.3940
397.4831	1850.8220	-9.3784	-0.0839	-1.2817	-6.4468
394.7252	1806.1175	-9.0081	0.1984	-0.7782	-4.4556
393.0521	1770.1469	-3.0548	0.3204	-0.4807	-0.4883
382.8054	1718.0416	-3.2486	0.0763	-1.0147	4.4250
366.0137	1658.3988	0.0416	-0.2289	-1.9073	12.6038
348.7535	1612.6530	11.1978	0.0305	-1.1444	22.1863
330.5882	1553.0252	4.3088	0.2441	0.2441	28.1067
304.4508	1474.1045	-21.3199	-0.0610	-0.6714	29.7012
278.2657	1395.9843	-17.1495	0.1144	-1.2436	29.1748
257.4558	1311.3347	-18.7347	0.8850	0.3052	27.2827
244.2891	1226.1816	-30.4510	0.6714	0.4959	22.9187
241.0284	1128.7331	-0.9340	-0.1984	-0.9460	14.4806
241.7953	1048.1993	-8.1169	-0.2060	-0.9842	1.5488
239.8557	956.2425	-1.0410	-0.1984	-0.7248	-15.0757
223.3309	859.7571	-1.2674	-0.2670	-0.2365	-32.6004
189.0601	770.9399	-4.1709	0.4425	1.1063	-46.5012
156.7675	688.1338	-1.4121	1.1063	0.8621	-53.7262
122.0424	612.0635	-6.3933	1.0681	-0.5417	-53.7262
89.1112	527.0019	-6.2948	0.6943	-1.3809	-48.1339
59.6255	446.3340	-2.7888	0.4883	-0.9232	-40.3061
39.7424	378.5491	-6.3037	0.3586	-0.2594	-33.1421
25.8340	311.1134	-5.4906	0.1526	-0.2975	-27.0309
14.8828	243.1618	-7.5301	0.0992	-0.4425	-21.2021
-1.6333	187.6693	-7.8190	0.2136	-0.2594	-15.3961
2.3259	134.0294	-8.5757	0.4959	0.3586	-11.1008
0.1109	100.5964	-8.5051	0.7401	0.9460	-9.2621
1.8200	81.6653	-8.3937	0.5646	0.8011	-7.9422
7.9892	61.6400	-8.5080	0.0916	0.0534	-5.9509
12.7711	40.1961	-6.6077	-0.2747	-0.5264	-3.5782
16.8788	28.1330	-8.3605	-0.5646	-0.9842	-1.2589
18.9891	23.7682	-9.8194	-0.9384	-1.6632	0.2365
20.2534	22.0239	-10.6504	-0.9995	-1.8005	0.5875
21.1920	20.6919	-11.0146	-0.5417	-1.0300	0.3510
23.1854	19.0141	-13.0405	0.0229	-0.1144	0.1221
23.8179	18.1684	-13.0356	0.5112	0.7477	0.0076
22.9336	18.5372	-11.7328	0.9766	1.7014	0.0000
23.1351	18.4359	-12.0928	1.0757	1.9608	0.0610
23.6578	17.9120	-11.8417	0.6180	1.1520	0.0992
24.1068	17.7682	-12.2006	0.1297	0.2594	0.0839
24.5397	17.5011	-12.3156	-0.0153	-0.0763	0.0610
24.9836	17.3546	-12.3070	0.0153	-0.0534	0.0305
24.7119	17.1641	-12.7934	0.0763	0.0458	0.0305
23.9050	17.4935	-12.9114	0.1068	0.1221	0.0992
18.2811	19.0744	-12.9274	0.0839	0.1373	0.1755
13.5553	19.8201	-13.0669	0.0305	0.0534	0.5875
13.0172	19.4039	-13.1892	0.0000	-0.0153	1.8311
12.0044	18.9191	-13.6826	-0.0305	-0.0458	3.4332
10.3927	18.6203	-14.0558	-0.0153	-0.0763	4.1199
-0.8951	20.0566	-14.2315	0.0076	-0.1144	3.5400
-19.7596	23.7427	-14.3149	0.0153	-0.1221	2.3117
-46.1782	28.9402	-14.5569	-0.0229	-0.1068	0.7706
-72.1323	35.0534	-14.6664	-0.0763	-0.0687	-1.4648
-90.2924	42.1689	-14.1299	0.0000	0.0763	-4.6463
-117.5287	46.3873	-12.9633	0.1068	0.2060	-7.6523
-144.3666	51.9213	-12.8369	0.0916	0.1221	-8.8577
-164.6388	59.3087	-13.2667	0.0458	0.0000	-9.4299
-198.7294	62.4300	-14.1860	0.0763	-0.0763	-9.4986
-240.4267	69.7666	-13.6743	0.0916	-0.0610	-6.4468
-273.9312	73.6894	-15.5392	0.0610	0.0305	-1.3809
-298.9657	75.8579	-19.6189	-0.0381	-0.0687	3.1281
-350.5621	69.7970	-18.6906	-0.2136	-0.1831	7.0724
-399.9471	66.3034	-13.4143	-0.2289	0.0839	10.3149
-437.9967	64.7760	-17.9742	-0.3815	-0.0305	10.5362
-473.0437	61.4333	-15.7200	-0.9384	-1.0452	8.9035
-494.1129	64.1865	-14.4084	-1.1215	-1.3504	9.2621
-530.6111	62.3045	-14.0693	-0.8774	-0.8545	10.0555
-555.7898	64.1744	-14.3385	-0.8469	-0.6790	7.3547
-589.0600	66.9174	-17.4021	-0.9155	-0.9308	3.6011
-620.8883	73.5605	-14.3266	-0.6180	-0.4120	1.0452
-639.8508	70.3875	-15.9167	-0.2594	0.4044	3.3951
-666.7793	71.7179	-14.4138	-0.2975	0.5493	8.6136
-691.1597	81.3310	-14.6191	-0.2899	1.0529	11.1771
-715.9594	79.3705	-9.8858	0.0458	1.9073	11.9553
-743.8373	82.4516	-1.6493	0.5646	2.5711	12.2070
-776.2009	80.4974	-2.9311	0.5112	2.1591	11.6196
-806.2398	79.9661	-4.4314	-0.2441	0.6866	11.8179
-826.3394	69.1883	-4.0378	-0.7095	0.0229	14.8849
-851.1629	60.2827	-2.8241	-0.6104	0.2975	19.9966
-889.5971	44.9440	-8.4252	-0.3052	0.8240	23.0713
-911.6508	43.1279	-6.4028	0.0381	1.6327	22.0795
-940.1333	31.6698	-8.6754	0.0000	1.4725	19.8593
-975.7759	22.0585	-3.4483	-0.1221	1.0910	19.7372
-995.3782	18.5589	6.8397	-0.0076	1.4725	20.5765
-1025.4645	20.7611	8.7381	0.0381	1.6174	19.2642
-1050.1402	22.8775	7.5541	-0.1907	0.9689	15.7623
-1067.2525	23.2896	5.6858	-0.3891	0.2365	12.2604
-1090.9204	28.9715	9.1897	-0.3662	0.1831	9.4604
-1106.2621	38.0195	4.5017	-0.8698	-0.6104	6.2714
-1121.7412	47.9723	11.5538	-1.3428	-1.3809	2.8305
-1127.6767	54.2258	14.0707	-0.9537	-0.7172	1.4038
-1131.4036	59.5917	18.0385	-0.5112	0.0381	2.1133
-1137.1323	62.3715	22.3447	-0.6027	-0.0458	3.6011
-1144.8087	62.0799	26.1287	-0.8850	-0.5875	5.5161
-1159.7515	59.3917	26.6221	-0.9384	-0.8774	7.7591
-1165.7026	52.0644	27.2551	-0.8163	-0.8163	9.4681
-1168.3018	40.9136	23.2254	-0.5951	-0.0381	10.7880
-1165.5552	35.3371	23.5501	-0.4044	1.2436	12.7487
-1167.5308	32.0047	28.0548	-0.3052	1.9150	15.4572
-1188.2231	28.0899	33.1969	-0.1450	1.9455	19.2261
-1198.2340	25.3134	38.2789	-0.1068	1.4496	23.2849
-1220.3142	14.0943	44.0799	-0.2823	0.5951	25.6119
-1231.7126	9.6258	44.2440	-0.4654	0.1297	25.9171
-1253.0933	8.1904	42.8118	-0.6638	-0.0076	25.6348
-1270.2815	18.8995	47.3349	-0.6790	-0.1450	26.4969
-1284.5512	20.3166	45.8326	-0.4959	-0.2365	30.5405
-1282.2789	26.4368	45.5187	-0.4501	0.1068	36.2625
-1295.1699	33.8120	49.3306	-0.3891	1.2436	38.8718
-1307.5123	36.9679	47.8518	-0.2747	1.8845	36.2091
-1312.0932	41.7748	48.1099	-0.3662	1.2131	29.7318
-1303.3233	53.6559	48.9368	-0.5188	0.4883	22.9340
-1296.4764	62.4107	49.0241	-0.4730	0.8087	20.4697
-1324.8344	58.4558	48.0501	-0.3662	1.6251	24.2233
-1337.2103	48.4587	47.1076	-0.4807	1.6785	29.3121
-1335.8171	30.3312	45.3136	-0.6485	1.0376	28.1906
-1328.1200	23.9658	45.8952	-0.5875	0.7019	21.4386
-1327.8078	22.1649	46.5984	-0.4501	0.7858	14.4272
-1333.3607	15.1587	46.7827	-0.2670	1.2360	9.7275
-1332.7794	7.7344	45.2964	-0.0992	1.5793	5.9204
-1326.6424	5.7744	45.5529	-0.1373	1.4114	-0.8698
-1311.3830	10.9703	44.1915	-0.2060	1.1063	-9.8267
-1305.9089	16.8043	43.1682	-0.1984	0.7935	-15.9607
-1288.0770	22.3694	37.6253	-0.2365	0.5264	-16.7999
-1260.5289	38.1146	33.1282	-0.2899	0.6638	-14.6942
-1226.5965	60.8699	35.1580	-0.0687	1.3046	-12.0239
-1238.7374	66.0049	38.0219	0.2823	1.9073	-6.2866
-1254.6717	58.3174	41.8783	0.2136	1.5869	3.1204
-1266.3549	38.1799	39.3266	-0.2975	0.5646	8.9493
-1271.3527	16.7377	37.1541	-0.7401	0.0381	7.5760
-1276.1955	-7.3388	38.7908	-0.8621	0.1755	3.5858
-1269.1939	-24.6061	37.9763	-0.8392	0.1984	1.8311
-1246.6179	-37.1219	40.8366	-1.3504	-1.3123	3.3188
-1230.7703	-49.2402	44.3965	-1.8082	-2.4872	7.3776
-1207.7691	-59.3460	39.8552	-0.9079	-0.3738	14.1754
-1180.2182	-55.7997	34.9303	0.2518	2.3346	19.8441
-1165.2983	-59.6679	38.0603	0.4425	2.9678	19.5770
-1141.0638	-57.3069	38.3775	-0.0916	1.8463	14.9002
-1116.1663	-57.2722	32.6799	-0.7706	0.1678	9.1629
-1079.7222	-59.0019	35.8710	-0.9232	-0.2289	5.3787
-1042.4437	-51.8655	36.9526	-0.5646	0.6256	4.8676
-991.0352	-41.1688	31.8592	-0.5188	0.5875	6.9580
-952.0455	-23.1947	30.9642	-0.7324	-0.0229	10.5972
-921.6614	-9.1643	30.7374	-0.4425	0.6104	12.6877
-869.6910	6.2491	24.3385	-0.2975	0.7401	11.7493
-822.9683	23.8702	16.8629	-0.7401	-0.6790	9.1095
-776.2327	44.0406	13.1270	-0.7095	-0.9308	7.1793
-714.9680	61.1609	15.3849	-0.1297	0.5875	8.5831
-684.6367	73.6920	15.0208	0.2213	2.1667	12.3901
-637.1903	90.4952	15.0710	0.1907	2.4796	15.9073
-606.8665	92.0796	15.7199	-0.0763	1.4954	17.4408
-560.6337	108.3437	14.4328	-0.2289	0.6866	16.6016
-532.2713	123.1120	13.2298	-0.2747	0.3586	12.1765
-512.0546	127.8346	12.9185	-0.4349	0.2670	5.7526
-498.4523	137.5558	11.9096	-0.4120	0.4883	0.3738
-452.3108	145.7658	10.5745	-0.0610	0.5722	-4.6768
-438.8761	150.0801	10.2485	0.1144	0.3738	-6.7825
-403.2358	151.0796	10.8946	-0.0458	0.0763	-4.6616
-371.2814	146.1536	9.8402	-0.1678	-0.0229	-3.7613
-329.7970	137.7100	9.4927	-0.1068	0.1984	-5.6076
-294.7324	132.0828	9.7605	0.0458	0.5035	-6.7673
-253.3829	121.8026	8.4439	0.1678	0.6638	-6.9885
-227.4498	112.1240	6.7398	0.2441	0.7706	-5.7373
-184.4034	94.9565	6.2184	0.2594	0.7629	-2.8000
-141.0258	75.4968	4.7294	0.0839	0.2747	-2.7618
-96.7464	53.7180	4.1863	-0.1068	-0.1297	-5.6305
-64.9961	34.6693	4.0086	-0.1221	0.1907	-6.0349
-38.5860	17.0083	3.8306	0.0153	0.3052	-3.5629
-19.2366	5.5768	3.4294	0.1144	0.2441	-1.3733
-7.9445	-1.7635	3.2839	0.1602	0.1373	-0.2060
-3.7406	-4.1723	3.2772	0.1831	0.0076	0.3738
-2.8560	-4.4885	3.2771	0.1602	-0.0458	0.4578
-2.5604	-4.7954	3.2764	0.0763	-0.0458	0.1984
-2.0444	-5.1063	3.1534	0.0229	-0.0076	-0.0076
-1.7479	-5.4115	2.6627	0.0153	0.0229	-0.0610
-1.4469	-5.4755	2.9082	0.0000	0.0381	-0.0458
-0.9178	-5.1986	2.7881	-0.0076	0.0381	0.0076
-0.6082	-4.9156	2.4228	-0.0381	0.0305	0.0839
0.0580	-3.9271	1.9389	-0.0381	0.0153	0.0992
0.0070	-3.2688	1.5750	-0.0076	-0.0153	0.0839
-0.1650	-2.4855	1.0891	0.0229	-0.0381	0.0610
0.0371	-1.3660	0.3603	0.0458	0.0000	0.0458
0.0000	0.0000	0.0000	0.0610	0.0763	0.0000
0.0000	0.0000	0.0000	0.0610	0.0916	0.0076
0.0000	0.0000	0.0000	0.0687	0.0305	0.0534
0.0000	0.0000	0.0000	0.0916	-0.0153	0.0381
0.0000	0.0000	0.0000	0.1144	-0.0153	-0.0229
0.0000	0.0000	0.0000	0.0839	0.0229	-0.0534
0.0000	0.0000	0.0000	0.0076	0.0381	-0.0839
0.0000	0.0000	0.0000	-0.0229	0.0153	-0.0763
0.0000	0.0000	0.0000	0.0000	0.0076	0.0000
0.0000	0.0000	0.0000	0.0687	0.0000	0.0534
0.0000	0.0000	0.0000	0.0153	-0.0076	0.0763
0.0000	0.0000	0.0000	-0.0305	0.0076	0.0458
0.0000	0.0000	0.0000	0.0076	0.0229	-0.0992
0.0000	0.0000	0.0000	0.0076	-0.0076	-0.4959
0.0000	0.0000	0.0000	-0.0534	-0.0610	-1.1673
0.0000	0.0000	0.0000	-0.0992	-0.0763	-1.9073
0.0000	0.0000	0.0000	-0.0610	-0.0687	-2.6779
-3.4622	-14.9714	-0.4856	-0.0229	-0.0916	-3.9368
-9.0591	-34.4321	-1.1154	0.0076	-0.1526	-5.7526
-15.5055	-59.8776	-2.1397	0.1297	-0.1144	-7.5531
-21.1722	-81.1538	-2.3126	0.2670	0.0687	-9.3079
-24.8309	-102.8179	-2.8285	0.2899	0.2213	-11.8866
-29.9569	-139.8795	-5.4475	0.2136	0.3128	-15.6403
-28.3290	-149.1287	-5.1934	0.0000	0.3433	-20.6070
-28.9641	-157.2340	-6.0146	-0.1068	0.2518	-25.7034
-24.8726	-166.5607	-7.7924	0.1755	0.1678	-28.2593
-10.1240	-164.2839	-7.4753	0.6866	0.2289	-27.7634
-0.0783	-149.6874	-7.1069	0.9689	0.3738	-26.1307
2.4353	-181.0547	-8.9896	0.6409	0.3128	-24.7726
0.3830	-223.2618	-11.7602	0.2365	0.0305	-25.0702
-3.7384	-266.6015	-11.6717	0.2060	-0.0687	-28.3203
-19.6078	-309.9048	-11.2266	0.1678	0.1755	-33.2718
-40.1034	-379.9563	-20.3677	0.0458	0.3128	-36.5219
-61.0060	-420.4039	-17.0462	0.0229	0.2060	-36.2625
-75.4386	-463.6649	-17.8006	0.3586	0.6256	-32.1732
-83.3600	-513.2963	-12.4809	0.6332	1.2589	-25.8484
-89.9282	-562.9464	5.7512	0.4196	1.1673	-20.7214
-101.0307	-603.1096	-21.9158	-0.3128	-0.3128	-17.0670
-112.3496	-665.2188	-10.6757	-0.7248	-1.0757	-13.6948
-128.9796	-725.5010	-15.9465	0.4196	1.1749	-9.8877
-146.3161	-774.7863	-11.8326	1.3580	2.8076	-4.2877
-160.0791	-807.3728	-12.1697	0.6638	1.2970	2.0218
-172.8983	-846.5197	-8.8385	-0.1144	0.1373	5.8365
-176.7416	-898.3957	-13.1128	-0.4425	0.3204	6.3477
-174.2123	-936.3131	-5.2351	-0.8163	0.3281	5.2338
-172.2537	-972.4261	10.6899	-0.6561	0.7019	4.8370
-170.5497	-1015.2010	-0.4652	-0.7324	0.0534	6.7673
-161.8764	-1060.0250	14.5692	-1.0452	-0.9842	10.1013
-158.3608	-1112.3018	19.7667	0.0610	0.4349	12.0697
-158.4686	-1174.9996	17.7323	0.6714	1.1749	12.1613
-167.7909	-1246.6469	16.4923	-0.6256	-0.6943	10.3149
-171.4063	-1290.2535	7.7470	-2.5101	-2.9526	5.1880
-176.3406	-1345.4633	2.5433	-3.3112	-3.9444	-1.9073
-181.2929	-1405.7682	-6.8613	-1.8845	-1.7700	-8.6517
-186.4497	-1460.7976	-14.2130	0.3052	1.9913	-15.0299
-191.8979	-1495.6169	-11.9068	1.0147	3.3035	-21.3470
-201.6102	-1525.4799	-18.5499	0.6409	2.6016	-26.4282
-210.3922	-1569.9181	-18.5627	-0.1373	1.0071	-28.4500
-222.2064	-1602.0141	-12.5438	-0.9537	-0.3891	-27.8091
-237.3407	-1637.4954	-25.6726	-0.9232	-0.2441	-28.2593
-244.8116	-1694.9595	-31.7016	-1.3962	-1.3657	-30.4108
-247.3980	-1742.1702	-39.7170	-1.6479	-1.9150	-31.3568
-253.6733	-1803.1852	-37.2514	0.6180	0.9232	-28.3508
-266.6002	-1846.0910	-37.8381	2.3270	3.7003	-21.5225
-281.8286	-1896.5572	-47.3228	-0.0458	1.5335	-14.3051
-279.9842	-1935.0006	-21.3187	-3.5095	-3.0289	-8.8501
-275.4065	-1970.0000	5.9112	-3.4790	-2.5406	-5.0964
-265.5049	-1995.8003	-4.4139	-0.8926	1.6632	-1.8387
-249.8809	-2021.5103	-2.0492	-0.2289	2.6550	0.7553
-238.6167	-2055.0687	-6.3947	-1.6632	0.6485	0.7553
-229.0484	-2065.4131	-12.2349	-1.8768	0.6561	-1.8921
-234.9594	-2081.7923	-24.3110	-0.6790	1.9760	-4.0054
-239.6051	-2108.4195	-13.5559	0.0381	2.4490	-3.7460
-245.1870	-2129.7787	-17.5111	0.7095	3.7460	-4.2572
-251.6858	-2165.5807	-0.2211	2.2278	6.3400	-7.1106
-264.8502	-2197.2185	8.3691	1.7776	5.1651	-10.1471
-284.9900	-2227.5477	-11.4921	-1.0681	-0.1602	-12.5809
-292.5062	-2250.2011	-12.4574	-2.1667	-3.0899	-13.4583
-304.7933	-2284.6569	-46.2337	-1.3962	-2.3422	-10.3302
-306.2315	-2324.7449	-34.0975	-0.8163	-0.8240	-3.1357
-312.4074	-2357.5396	-42.9827	0.7248	1.6098	4.6234
-312.7888	-2376.9357	-47.2820	1.4725	2.5635	10.3378
-311.8866	-2400.1729	-48.2620	-0.6409	0.0153	15.7089
-310.4911	-2421.9373	-69.5760	0.0381	1.4496	18.9133
-301.5330	-2433.3270	-38.1214	0.9995	3.1281	22.9416
-289.1875	-2457.1574	-21.0505	0.0610	1.9531	27.7100
-274.7270	-2484.1231	6.8864	-0.8392	0.0839	30.2582
-257.5945	-2506.2857	22.3854	-0.3967	0.0687	28.1982
-247.0008	-2536.6780	30.2273	0.4425	0.8392	22.8043
-238.6677	-2583.3681	43.3835	1.0605	1.2817	15.2893
-235.0275	-2610.0814	48.4780	1.3199	1.5793	5.3558
-226.7391	-2625.2475	48.2301	1.4420	1.6632	-4.8752
-218.7848	-2635.0019	41.0412	1.4343	1.4877	-12.1536
-202.8448	-2644.7430	56.9332	1.2817	0.6714	-16.4948
-187.0861	-2648.2364	58.4900	1.3504	0.3204	-20.2713
-178.2414	-2667.6172	35.4747	1.6632	0.7324	-25.0168
-170.7627	-2678.7234	27.3190	1.6479	1.0147	-30.4337
-167.5408	-2679.1426	33.8248	1.3733	0.4959	-34.9121
-164.8170	-2680.7416	34.8138	1.4572	-0.3357	-37.0178
-165.2519	-2676.7926	30.1040	1.7853	-0.4272	-37.1170
-162.4049	-2679.8931	45.3212	2.0752	-0.6027	-36.3922
-160.8309	-2685.3685	45.1176	2.1896	-1.1749	-34.9045
-156.1893	-2681.1076	47.5763	1.8845	-0.9079	-32.8369
-149.2312	-2679.1773	53.1290	1.3199	-0.3510	-30.4718
-144.0972	-2675.9787	51.6371	1.1063	-0.7553	-27.0462
-135.0890	-2670.7632	36.0333	1.4496	-0.9460	-22.1252
-127.2587	-2658.1215	43.4339	1.5945	-0.1144	-16.3727
-116.9979	-2641.8796	42.5920	1.0071	0.5646	-10.6659
-109.6687	-2621.9591	42.6118	0.2441	0.6104	-5.3101
-105.6356	-2598.7343	31.3135	-0.2289	0.3433	-0.0229
-96.5374	-2578.1864	36.9668	-0.1221	0.4120	5.0278
-84.7600	-2551.4914	33.8994	0.0687	1.1826	9.0866
-69.1033	-2524.2101	25.5802	0.1373	1.0376	12.3596
-57.5354	-2493.6705	29.1262	0.0458	0.0381	14.2517
-49.7063	-2466.1819	29.9200	-0.6027	-0.1221	13.7863
-45.2024	-2442.9114	32.4853	-1.3428	0.4654	12.2986
-40.9339	-2434.8419	32.4422	-1.3428	1.1444	11.5738
-37.6852	-2437.3959	39.7689	-0.9460	0.9918	12.8860
-33.2983	-2451.3005	39.8534	-1.0223	-0.5798	15.6403
-33.4745	-2462.2940	35.4356	-1.2741	-2.3346	17.6392
-37.1831	-2477.1363	32.5531	-1.4496	-2.9449	17.5858
-41.2686	-2477.7396	30.1096	-1.5869	-1.7395	15.2054
-47.1479	-2470.6942	28.4173	-1.5945	0.1144	11.6730
-53.6192	-2458.5583	34.2960	-1.3885	0.1907	8.6899
-55.1059	-2445.3953	37.7638	-1.1749	-0.8011	5.9738
-49.6105	-2434.4144	39.7580	-1.1444	-0.9537	2.4033
-35.7666	-2425.0872	29.5216	-0.9689	-0.2594	-1.8463
-23.7230	-2416.3657	35.8014	-0.6943	0.0076	-5.8594
-16.0189	-2409.3207	50.2196	-0.1831	-0.2823	-9.2545
-11.9486	-2400.5555	48.1393	0.3967	-0.7782	-12.5427
-12.3124	-2399.2179	48.6842	0.4044	-1.3199	-15.9149
-7.8395	-2396.8238	31.3853	0.0076	-1.0376	-18.9514
-4.8076	-2398.3139	27.0105	0.1602	-0.5035	-21.3470
-3.5087	-2396.7959	29.4640	0.6943	-0.2899	-23.0789
-4.6850	-2402.8683	29.3654	0.9918	-0.6409	-24.8260
-11.8455	-2404.8525	33.8530	1.1368	-1.3504	-27.3056
-20.1217	-2399.1510	42.6890	1.1978	-1.1978	-30.2811
-28.9972	-2389.0994	58.4800	1.1520	-1.1215	-32.2113
-39.1927	-2370.1139	54.2222	0.7401	-1.1826	-32.1274
-43.9519	-2353.5067	45.5099	-0.0916	0.0687	-31.2881
-42.9483	-2332.6800	47.9327	-0.1602	0.5493	-30.7083
-41.5659	-2308.8824	46.1803	0.8392	-1.3504	-30.1285
-32.9908	-2270.8327	46.5247	1.4877	-2.5787	-29.3198
-21.3088	-2224.1919	50.5150	1.2894	-1.7853	-28.2822
-7.9222	-2178.1547	55.5826	0.8392	-0.5951	-27.3056
1.6043	-2128.2520	60.5535	0.6104	-0.3052	-26.5427
7.4284	-2070.5656	52.7554	0.6409	-0.6180	-24.3988
8.7851	-2022.5102	57.3624	0.7324	-0.5112	-18.8217
6.1923	-1982.4335	53.2104	0.5188	0.1221	-10.9100
3.1720	-1959.6974	52.5457	-0.0916	0.0229	-4.3030
-0.7940	-1949.8749	52.0587	-0.7324	-0.7935	-0.8469
-10.1446	-1930.8449	54.1198	-1.0834	-1.0300	0.4959
-24.5083	-1910.2326	50.2098	-1.2283	-1.2360	1.0529
-40.0253	-1892.4649	47.4843	-1.1215	-0.9384	2.3193
-54.9946	-1872.4923	50.7466	-0.7553	0.0000	5.4398
-73.1982	-1845.0428	45.1996	-0.6790	0.2594	9.3384
-85.2089	-1815.7130	53.4015	-1.3046	0.6256	11.2915
-89.8054	-1790.3356	56.3331	-2.0752	0.6943	11.0474
-94.1442	-1759.9552	52.1016	-2.1744	-0.0687	11.1389
-98.7805	-1730.5955	47.6166	-1.6785	-0.3586	12.4893
-95.8512	-1701.2581	46.4800	-1.0681	-0.3357	15.7166
-88.3501	-1671.4056	46.5160	-0.9460	-0.6104	20.6680
-78.4338	-1638.9111	41.6563	-1.4420	-0.9460	24.7040
-70.8790	-1607.1780	42.3036	-1.8387	-1.1902	25.8636
-64.6361	-1569.6804	34.9536	-1.9226	-0.5341	24.4675
-60.9694	-1533.1749	37.0299	-1.6403	0.0763	22.6746
-57.4958	-1498.6766	39.4645	-0.9308	-0.5341	21.8124
-53.6943	-1464.6804	36.0396	-0.5646	-0.8545	19.8441
-46.8976	-1429.4610	42.0728	-0.7706	0.2213	14.5874
-40.1207	-1401.7929	41.6116	-0.9766	1.3123	6.6986
-33.8759	-1372.8957	62.3220	-0.9384	0.8163	-1.7700
-30.4961	-1337.5415	48.2328	-0.6790	0.1144	-10.0861
-32.6395	-1289.9979	47.8274	-0.5646	-0.3815	-18.1580
-34.6802	-1241.3397	42.2765	-0.4959	-1.2360	-24.6964
-31.9804	-1192.9969	33.4857	-0.4501	-1.2970	-28.6255
-32.1935	-1142.8324	31.7547	-0.6638	-0.3738	-29.4418
-41.9186	-1093.4672	20.8115	-0.4654	0.5951	-27.1530
-58.0006	-1045.7903	17.2917	-0.1144	0.4730	-22.7356
-68.5956	-1001.8399	18.6589	-0.1907	-0.2670	-17.2806
-71.6792	-965.3472	20.1245	-0.4044	-0.2975	-11.8713
-70.8213	-939.2592	20.3596	-0.7782	0.2899	-4.7455
-67.4138	-929.7786	21.6302	-0.7477	0.4578	-0.9766
-63.1884	-924.2422	20.8568	-0.6256	0.1984	1.2207
-58.5616	-922.0109	21.7416	-0.5951	-0.2670	1.7624
-54.6951	-914.3571	24.2072	-0.5875	-0.6714	0.7324
-45.7209	-900.8341	24.7718	-0.5493	-0.5417	-1.5488
-36.9028	-883.0504	22.2332	-0.4578	-0.0992	-3.5706
-26.1647	-859.9891	25.3152	-0.3967	0.0992	-3.9444
-14.9425	-827.6853	25.5484	-0.4578	-0.0992	-3.5706
-6.1663	-799.2715	23.8626	-0.4807	-0.4349	-2.8610
-1.3551	-769.7050	22.1798	-0.4349	-0.7248	-0.3357
1.0668	-746.2209	24.3073	-0.4654	-0.8926	4.4785
1.9151	-722.3866	19.6235	-0.3738	-0.5875	10.9024
-4.7249	-692.7774	21.6414	-0.1221	0.0076	18.5547
-3.7198	-665.1137	18.0422	-0.1755	0.1984	25.6424
-5.7238	-630.0840	15.6565	-0.5569	-0.1831	30.5710
-10.3573	-587.9712	13.2808	-0.8774	-0.4349	33.8745
-20.6143	-545.5729	13.1817	-1.0300	-0.3967	34.7366
-29.8653	-504.7664	12.4636	-0.9689	-0.2594	31.8451
-38.3037	-466.7085	13.7726	-0.8087	0.2747	26.9699
-43.3346	-437.5957	13.6454	-0.5722	0.6409	23.2697
-46.9161	-414.6592	10.4947	-0.3586	0.4349	21.9193
-47.7352	-402.6259	10.6843	-0.2747	0.1831	21.2326
-50.0420	-390.7796	8.5955	-0.0534	0.2594	19.6533
-51.3121	-372.4521	8.4514	0.2289	0.3815	18.2114
-51.7969	-355.6431	6.3697	0.3281	0.3967	18.1427
-49.0887	-335.5669	5.2469	0.0763	0.4044	19.6304
-45.1949	-310.6741	2.8312	-0.2899	0.3815	21.6904
-41.7314	-289.8169	3.0309	-0.4578	0.2975	22.5601
-37.0871	-266.2821	6.0996	-0.4425	0.0687	21.1334
-37.2166	-241.6919	3.9279	-0.3891	-0.4425	17.9977
-34.7960	-219.1288	3.4177	-0.4272	-0.7095	14.4577
-32.7125	-191.8504	2.5451	-0.4196	-0.2899	11.7035
-27.7774	-164.9500	3.1159	-0.1984	0.2747	10.4904
-24.3724	-138.7440	2.2407	-0.0610	0.3586	10.2921
-16.7892	-108.4507	0.7800	-0.1373	0.0610	9.6893
-7.0784	-71.6284	1.7028	-0.0229	-0.1068	7.2861
-2.5122	-35.7807	0.4957	0.1221	-0.1831	3.7384
0.0000	0.0000	0.0000	-0.0153	-0.2289	0.7324
0.0000	0.0000	0.0000	-0.2136	0.1068	-1.3885
0.0000	0.0000	0.0000	-0.2670	0.4959	-2.5024
0.0000	0.0000	0.0000	-0.1526	0.4730	-2.6093
0.0000	0.0000	0.0000	0.0000	0.2136	-2.4414
0.0000	0.0000	0.0000	0.0992	0.0229	-2.3041
0.0000	0.0000	0.0000	0.0687	-0.0305	-1.7242
0.0000	0.0000	0.0000	-0.0153	-0.0610	-0.7248
0.0000	0.0000	0.0000	-0.0458	-0.1297	0.0229
0.0000	0.0000	0.0000	-0.0687	-0.1373	0.1907
0.0000	0.0000	0.0000	-0.0763	-0.0610	0.0458
0.0000	0.0000	0.0000	-0.0229	-0.0381	-0.0534
0.0000	0.0000	0.0000	0.0076	-0.0534	-0.0763
0.0000	0.0000	0.0000	0.0076	0.0000	0.0153
0.0000	0.0000	0.0000	-0.0076	0.0839	0.7629
0.0000	0.0000	0.0000	-0.0458	0.1144	3.0518
0.0000	0.0000	0.0000	-0.1144	0.1144	6.9199
0.0000	0.0000	0.0000	-0.1526	0.0916	10.7651
0.0000	0.0000	0.0000	-0.1907	0.0305	13.0539
0.0000	0.0000	0.0000	-0.2518	-0.0229	13.8779
0.0000	0.0000	0.0000	-0.2289	-0.0381	13.7405
0.0000	0.0000	0.0000	-0.1526	0.0000	12.7563
0.0000	0.0000	0.0000	-0.1450	0.0458	11.4975
0.0000	0.0000	0.0000	-0.1984	0.0381	11.1923
0.0000	0.0000	0.0000	-0.2136	0.0076	12.2070
0.0000	0.0000	0.0000	-0.2289	0.0153	13.3743
0.0000	0.0000	0.0000	-0.2365	0.0076	13.2294
0.0000	0.0000	0.0000	-0.1831	-0.0305	11.7569
0.0000	0.0000	0.0000	-0.1221	-0.0381	10.0784
0.0000	0.0000	0.0000	-0.1221	0.0305	9.1324
0.0000	0.0000	0.0000	-0.1068	0.1602	9.2545
0.0000	0.0000	0.0000	-0.0458	0.2365	9.9487
0.0000	0.0000	0.0000	-0.0305	0.2289	10.3073
0.0000	0.0000	0.0000	-0.0687	0.1373	9.7427
0.0000	0.0000	0.0000	-0.0687	-0.0076	8.5449
0.0000	0.0000	0.0000	-0.0229	-0.1297	7.5455
0.0000	0.0000	0.0000	-0.0305	-0.1450	7.1564
0.0000	0.0000	0.0000	-0.0839	-0.0763	7.0648
0.0000	0.0000	0.0000	-0.1068	-0.0153	6.8283
0.0000	0.0000	0.0000	-0.0076	-0.0381	6.9656
0.0000	0.0000	0.0000	0.1144	-0.1373	8.1863
0.0000	0.0000	0.0000	0.1526	-0.1831	9.9792
0.0000	0.0000	0.0000	0.0916	-0.0992	11.5280
0.0000	0.0000	0.0000	0.0381	0.0000	12.5885
0.0000	0.0000	0.0000	-0.0153	0.0839	13.7100
0.0000	0.0000	0.0000	-0.0534	0.1068	14.3280
0.0000	0.0000	0.0000	0.0076	0.0610	12.4207
0.0000	0.0000	0.0000	0.0687	0.0458	8.7433
0.0000	0.0000	0.0000	0.0153	0.0534	6.6833
0.0000	0.0000	0.0000	-0.0534	0.0687	7.1030
0.0000	0.0000	0.0000	-0.0153	0.1373	7.8278
0.0000	0.0000	0.0000	0.0000	0.2213	7.6752
0.0000	0.0000	0.0000	-0.0153	0.2213	7.6141
0.0000	0.0000	0.0000	-0.0229	0.1526	7.8201
0.0000	0.0000	0.0000	0.0000	0.0839	6.7215
0.0000	0.0000	0.0000	0.0305	0.0534	3.8910
0.0000	0.0000	0.0000	0.0229	0.0381	1.0147
0.0000	0.0000	0.0000	0.0000	0.0458	-0.4349
0.0000	0.0000	0.0000	-0.0076	0.0610	-0.5264
0.0000	0.0000	0.0000	0.0076	0.0305	-0.1526
0.0000	0.0000	0.0000	0.0000	-0.0229	0.1450
0.0000	0.0000	0.0000	-0.0229	-0.0305	0.1450
0.0000	0.0000	0.0000	-0.0534	-0.0076	0.1221
0.0000	0.0000	0.0000	-0.0839	0.0000	0.1144
0.0000	0.0000	0.0000	-0.0381	-0.0381	0.0839
0.0000	0.0000	0.0000	0.0076	-0.0534	0.1297
0.0000	0.0000	0.0000	0.0229	-0.0153	0.4501
0.0000	0.0000	0.0000	0.0076	0.0076	1.3504
0.0000	0.0000	0.0000	-0.0153	0.0305	3.2578
0.0000	0.0000	0.0000	-0.0458	0.0610	6.4392
0.0000	0.0000	0.0000	-0.0381	0.0839	10.3912
0.0000	0.0000	0.0000	0.0076	0.0534	14.1754
0.0000	0.0000	0.0000	0.0000	0.0000	17.6544
0.0000	0.0000	0.0000	-0.1068	-0.0305	20.9274
0.0000	0.0000	0.0000	-0.1373	-0.0458	23.1171
0.0000	0.0000	0.0000	-0.1526	-0.0839	23.9410
0.0000	0.0000	0.0000	-0.2136	-0.1526	24.2767
0.0000	0.0000	0.0000	-0.2365	-0.2365	23.7885
0.0000	0.0000	0.0000	-0.1831	-0.2060	20.7825
0.0000	0.0000	0.0000	-0.0610	-0.0839	14.4272
0.0000	0.0000	0.0000	0.0229	0.0000	6.7215
0.0000	0.0000	0.0000	0.0381	0.0229	1.6937
0.0000	0.0000	0.0000	-0.0076	0.0153	0.6027
0.0000	0.0000	0.0000	-0.0763	-0.0305	1.0757
-0.6254	-0.8779	-0.6260	-0.0687	-0.0381	1.1444
-0.3805	-0.7086	-0.2950	0.0000	0.0000	0.6256
-0.0003	-0.1764	-0.3310	0.0305	0.0153	0.0916
0.0000	0.0000	0.0000	0.0305	0.0000	-0.0839
0.0000	0.0000	0.0000	0.0458	0.0000	-0.0610
0.0000	0.0000	0.0000	0.0534	0.0000	-0.0458
0.0000	0.0000	0.0000	0.0229	-0.0381	-0.0763
0.0000	0.0000	0.0000	-0.0076	-0.0153	-0.0763
0.0000	0.0000	0.0000	-0.0153	0.0458	0.0000
0.0000	0.0000	0.0000	0.0000	0.0610	0.0458
0.0000	0.0000	0.0000	0.0381	0.0458	0.0000
0.0000	0.0000	0.0000	0.0458	0.0458	-0.0763
0.0000	0.0000	0.0000	0.0153	0.0229	-0.1144
0.0000	0.0000	0.0000	0.0076	-0.0305	-0.1144
0.0000	0.0000	0.0000	0.0076	-0.0687	-0.0839
0.0000	0.0000	0.0000	0.0153	-0.0229	-0.0076
0.0000	0.0000	0.0000	0.0153	0.0229	0.0534
0.0000	0.0000	0.0000	-0.0153	0.0305	0.0534
0.0000	0.0000	0.0000	-0.0610	0.0076	0.0153
0.0000	0.0000	0.0000	-0.0305	0.0000	0.0000
0.0000	0.0000	0.0000	0.0381	0.0000	0.0000
0.0000	0.0000	0.0000	0.0305	-0.0076	-0.0153
0.0000	0.0000	0.0000	-0.0229	-0.0381	-0.0229
0.0000	0.0000	0.0000	-0.0687	-0.0458	-0.0153
0.0000	0.0000	0.0000	-0.0687	0.0000	0.0229
0.0000	0.0000	0.0000	-0.0305	0.0381	0.0458
0.0000	0.0000	0.0000	0.0000	0.0534	-0.0153
0.0000	0.0000	0.0000	-0.0229	0.0687	-0.1068
0.0000	0.0000	0.0000	-0.0687	0.0687	-0.1068
0.0000	0.0000	0.0000	-0.0610	0.0381	-0.0534
0.0000	0.0000	0.0000	-0.0229	0.0000	-0.0229
0.0000	0.0000	0.0000	-0.0381	-0.0305	-0.0305
0.0000	0.0000	0.0000	-0.0534	-0.0458	-0.0687
0.0000	0.0000	0.0000	-0.0687	-0.0534	-0.1068
0.0000	0.0000	0.0000	-0.0916	-0.0534	-0.0610
0.0000	0.0000	0.0000	-0.0610	-0.0610	0.0076
0.0000	0.0000	0.0000	0.0000	-0.0458	0.0381
0.0000	0.0000	0.0000	0.0000	0.0000	0.0000
0.0000	0.0000	0.0000	-0.0076	0.0458	-0.0687
0.0000	0.0000	0.0000	0.0153	0.0458	-0.0839
0.0000	0.0000	0.0000	0.0534	0.0076	-0.0687
0.0000	0.0000	0.0000	0.0305	0.0000	-0.0687
0.0000	0.0000	0.0000	-0.0229	0.0381	-0.0153
0.0000	0.0000	0.0000	-0.0458	0.0610	0.0534
0.0000	0.0000	0.0000	-0.0076	0.0305	0.0534
0.0000	0.0000	0.0000	0.0153	0.0000	0.0000
0.0000	0.0000	0.0000	-0.0076	0.0000	-0.0610
0.0000	0.0000	0.0000	-0.0458	0.0153	-0.0534
0.0000	0.0000	0.0000	-0.0381	0.0000	0.0076
0.0000	0.0000	0.0000	-0.0076	-0.0076	0.0458
0.0000	0.0000	0.0000	0.0305	0.0076	0.0229
0.0000	0.0000	0.0000	0.0610	0.0229	0.0000
0.0000	0.0000	0.0000	0.0153	0.0153	-0.0153
0.0000	0.0000	0.0000	-0.0153	0.0076	-0.0305
0.0000	0.0000	0.0000	-0.0076	0.0076	-0.0610
0.0000	0.0000	0.0000	0.0000	0.0153	-0.0534
0.0000	0.0000	0.0000	0.0153	0.0305	-0.0076
0.0000	0.0000	0.0000	0.0458	0.0381	0.0305
0.0000	0.0000	0.0000	0.0458	0.0229	0.0305
0.0000	0.0000	0.0000	0.0229	0.0305	-0.0076
0.0000	0.0000	0.0000	0.0229	0.0305	-0.0687
0.0000	0.0000	0.0000	0.0305	0.0000	-0.0916
0.0000	0.0000	0.0000	0.0381	0.0000	-0.0763
0.0000	0.0000	0.0000	0.0381	0.0153	-0.0458
0.0000	0.0000	0.0000	0.0229	0.0000	-0.0229
0.0000	0.0000	0.0000	-0.0153	-0.0153	-0.0305
0.0000	0.0000	0.0000	-0.0229	0.0076	-0.0153
0.0000	0.0000	0.0000	0.0076	0.0687	0.0000
0.0000	0.0000	0.0000	0.0076	0.0610	0.0000
0.0000	0.0000	0.0000	-0.0153	0.0000	0.0000
0.0000	0.0000	0.0000	-0.0305	-0.0458	0.0153
0.0000	0.0000	0.0000	-0.0229	-0.0687	0.0839
0.0000	0.0000	0.0000	0.0153	-0.0610	0.1297
0.0000	0.0000	0.0000	0.0534	-0.0305	0.0763
0.0000	0.0000	0.0000	0.0076	0.0000	-0.0076
0.0000	0.0000	0.0000	0.0000	0.0229	-0.0534
0.0000	0.0000	0.0000	0.0381	0.0153	-0.0305
0.0000	0.0000	0.0000	0.0687	0.0076	-0.0229
0.0000	0.0000	0.0000	0.0381	0.0229	-0.0076
0.0000	0.0000	0.0000	0.0076	0.0458	0.0458
0.0000	0.0000	0.0000	0.0000	0.0229	0.1221
0.0000	0.0000	0.0000	-0.0534	-0.0305	0.1144
0.0000	0.0000	0.0000	-0.1221	-0.0839	0.0381
0.0000	0.0000	0.0000	-0.1297	-0.0916	0.0000
0.0000	0.0000	0.0000	-0.0610	-0.0381	-0.0076
0.0000	0.0000	0.0000	0.0153	0.0000	0.0000
0.0000	0.0000	0.0000	0.0534	0.0229	-0.0076
0.0000	0.0000	0.0000	0.0534	0.0610	-0.0229
0.0000	0.0000	0.0000	0.0610	0.0610	0.0000
0.0000	0.0000	0.0000	0.0763	0.0458	0.0153
0.0000	0.0000	0.0000	0.0763	0.0534	-0.0076
0.0000	0.0000	0.0000	0.0305	0.0534	-0.0305
0.0000	0.0000	0.0000	-0.0305	0.0610	0.0000
0.0000	0.0000	0.0000	-0.0687	0.0458	0.0839
0.0000	0.0000	0.0000	-0.0534	0.0076	0.1297
0.0000	0.0000	0.0000	-0.0381	-0.0229	0.0534
0.0000	0.0000	0.0000	-0.0458	-0.0458	-0.0076
0.0000	0.0000	0.0000	-0.0381	-0.0381	0.0000
0.0000	0.0000	0.0000	-0.0305	-0.0381	0.0305
0.0000	0.0000	0.0000	-0.0534	-0.0076	0.0305
0.0000	0.0000	0.0000	-0.0458	0.0305	0.0000
0.0000	0.0000	0.0000	0.0153	0.0305	0.0000
0.0000	0.0000	0.0000	0.0687	0.0076	0.0153
0.0000	0.0000	0.0000	0.0687	0.0000	0.0000
0.0000	0.0000	0.0000	0.0610	0.0000	-0.0153
0.0000	0.0000	0.0000	0.0458	0.0229	0.0000
0.0000	0.0000	0.0000	0.0000	0.0534	0.0229
0.0000	0.0000	0.0000	-0.0458	0.0610	0.0381
0.0000	0.0000	0.0000	-0.0458	0.0458	0.0305
0.0000	0.0000	0.0000	-0.0076	0.0534	0.0153
0.0000	0.0000	0.0000	0.0153	0.0381	0.0076
0.0000	0.0000	0.0000	-0.0076	0.0000	0.0000
0.0000	0.0000	0.0000	-0.0381	-0.0153	-0.0458
0.0000	0.0000	0.0000	-0.0458	0.0000	-0.0458
0.0000	0.0000	0.0000	-0.0458	-0.0076	-0.0153
0.0000	0.0000	0.0000	-0.0305	-0.0458	-0.0229
0.0000	0.0000	0.0000	-0.0458	-0.0305	-0.0458
0.0000	0.0000	0.0000	-0.0687	0.0381	-0.0687
0.0000	0.0000	0.0000	-0.0153	0.0610	-0.0458
0.0000	0.0000	0.0000	0.0534	0.0381	0.0076
0.0000	0.0000	0.0000	0.0687	-0.0076	0.0534
0.0000	0.0000	0.0000	0.0381	-0.0763	0.0763
0.0000	0.0000	0.0000	0.0000	-0.0763	0.0992
0.0000	0.0000	0.0000	-0.0458	-0.0534	0.0687
0.0000	0.0000	0.0000	-0.0610	-0.0534	-0.0229
0.0000	0.0000	0.0000	0.0153	0.0000	-0.0916
0.0000	0.0000	0.0000	0.0763	0.0687	-0.0687
0.0000	0.0000	0.0000	0.0458	0.0610	0.0000
0.0000	0.0000	0.0000	0.0000	0.0229	0.0381
0.0000	0.0000	0.0000	0.0000	0.0687	0.0763
0.0000	0.0000	0.0000	0.0000	0.1297	0.0992
0.0000	0.0000	0.0000	-0.0381	0.1068	0.0763
0.0000	0.0000	0.0000	-0.0687	0.0534	0.0153
0.0000	0.0000	0.0000	-0.0305	0.0305	0.0076
0.0000	0.0000	0.0000	0.0229	0.0153	0.0381
0.0000	0.0000	0.0000	0.0153	-0.0076	0.0610
0.0000	0.0000	0.0000	0.0000	-0.0381	0.0229
0.0000	0.0000	0.0000	-0.0076	-0.0458	0.0000
0.0000	0.0000	0.0000	-0.0076	-0.0229	0.0381
0.0000	0.0000	0.0000	0.0305	0.0000	0.0610
0.0000	0.0000	0.0000	0.0610	0.0076	0.0458
0.0000	0.0000	0.0000	0.0153	-0.0153	0.0305
0.0000	0.0000	0.0000	-0.0229	-0.0305	0.0076
0.0000	0.0000	0.0000	-0.0076	-0.0076	-0.0076
0.0000	0.0000	0.0000	0.0229	0.0153	-0.0381
0.0000	0.0000	0.0000	0.0076	0.0000	-0.0458
0.0000	0.0000	0.0000	-0.0458	-0.0153	0.0153
0.0000	0.0000	0.0000	-0.0381	0.0000	0.0610
0.0000	0.0000	0.0000	0.0534	0.0000	0.0305
0.0000	0.0000	0.0000	0.1068	-0.0153	0.0076
0.0000	0.0000	0.0000	0.0839	-0.0229	-0.0305
0.0000	0.0000	0.0000	0.0534	-0.0076	-0.0916
0.0000	0.0000	0.0000	0.0229	0.0000	-0.0839
0.0000	0.0000	0.0000	0.0000	-0.0305	-0.0229
0.0000	0.0000	0.0000	-0.0305	-0.0687	0.0076
0.0000	0.0000	0.0000	-0.0763	-0.0610	-0.0076
0.0000	0.0000	0.0000	-0.0763	-0.0381	-0.0153
0.0000	0.0000	0.0000	-0.0305	-0.0534	0.0229
0.0000	0.0000	0.0000	-0.0229	-0.0687	0.0458
0.0000	0.0000	0.0000	-0.0687	-0.0610	0.0153
0.0000	0.0000	0.0000	-0.0839	-0.0687	-0.0153
0.0000	0.0000	0.0000	-0.0458	-0.0687	0.0000
0.0000	0.0000	0.0000	0.0076	-0.0534	-0.0076
0.0000	0.0000	0.0000	0.0458	-0.0076	-0.0687
0.0000	0.0000	0.0000	0.0381	0.0076	-0.0534
0.0000	0.0000	0.0000	-0.0076	0.0000	-0.0153
0.0000	0.0000	0.0000	-0.0763	0.0000	-0.0076
0.0000	0.0000	0.0000	-0.0916	0.0076	0.0000
0.0000	0.0000	0.0000	-0.0763	0.0305	0.0381
0.0000	0.0000	0.0000	-0.0305	0.0000	0.0610
0.0000	0.0000	0.0000	0.0381	-0.0458	0.0534
0.0000	0.0000	0.0000	0.1144	-0.0076	0.0610
0.0000	0.0000	0.0000	0.1068	0.0229	0.0763
0.0000	0.0000	0.0000	0.0610	0.0534	0.0076
0.0000	0.0000	0.0000	0.0229	0.0839	-0.0687
0.0000	0.0000	0.0000	0.0076	0.0763	-0.0763
0.0000	0.0000	0.0000	-0.0153	0.0763	-0.0229
0.0000	0.0000	0.0000	-0.0458	0.0763	0.0076
0.0000	0.0000	0.0000	-0.0458	0.0381	0.0153
0.0000	0.0000	0.0000	-0.0305	0.0000	0.0076
0.0000	0.0000	0.0000	-0.0153	-0.0305	0.0076
0.0000	0.0000	0.0000	0.0153	-0.0381	0.0000
0.0000	0.0000	0.0000	0.0153	0.0000	-0.0381
0.0000	0.0000	0.0000	-0.0076	0.0305	-0.1068
0.0000	0.0000	0.0000	-0.0458	0.0458	-0.0839
0.0000	0.0000	0.0000	-0.0839	0.0610	-0.0381
0.0000	0.0000	0.0000	-0.0992	0.0458	-0.0229
0.0000	0.0000	0.0000	-0.0610	0.0305	-0.0076
0.0000	0.0000	0.0000	-0.0534	0.0153	-0.0153
0.0000	0.0000	0.0000	-0.0534	0.0000	-0.0687
0.0000	0.0000	0.0000	-0.0229	0.0000	-0.1068
0.0000	0.0000	0.0000	0.0153	0.0381	-0.1068
0.0000	0.0000	0.0000	0.0458	0.0687	-0.0458
0.0000	0.0000	0.0000	0.0610	0.0610	0.0153
0.0000	0.0000	0.0000	0.0610	0.0000	0.0610
0.0000	0.0000	0.0000	0.0381	-0.0076	0.0458
0.0000	0.0000	0.0000	0.0076	0.0229	-0.0076
0.0000	0.0000	0.0000	-0.0076	0.0534	-0.0534
0.0000	0.0000	0.0000	0.0229	0.0153	-0.0534
0.0000	0.0000	0.0000	0.0916	-0.0305	0.0000
0.0000	0.0000	0.0000	0.1068	-0.0610	0.0381
0.0000	0.0000	0.0000	0.0610	-0.0534	0.0229
0.0000	0.0000	0.0000	0.0076	-0.0229	-0.0305
0.0000	0.0000	0.0000	0.0000	0.0305	-0.0534
0.0000	0.0000	0.0000	0.0229	0.0992	-0.0305
0.0000	0.0000	0.0000	0.0305	0.0916	0.0229
0.0000	0.0000	0.0000	0.0000	-0.0229	0.0534
0.0000	0.0000	0.0000	0.0000	-0.1068	0.0229
0.0000	0.0000	0.0000	-0.0076	-0.1068	0.0000
0.0000	0.0000	0.0000	-0.0458	-0.0687	0.0076
0.0000	0.0000	0.0000	-0.0534	-0.0153	0.0076
0.0000	0.0000	0.0000	-0.0153	0.0381	0.0000
0.0000	0.0000	0.0000	-0.0076	0.0763	-0.0076
0.0000	0.0000	0.0000	-0.0076	0.0458	0.0076
0.0000	0.0000	0.0000	0.0229	0.0000	0.0229
0.0000	0.0000	0.0000	0.0000	-0.0381	0.0000
0.0000	0.0000	0.0000	-0.0610	-0.0687	-0.0153
0.0000	0.0000	0.0000	-0.0687	-0.0687	0.0076
0.0000	0.0000	0.0000	-0.0305	0.0153	0.0381
0.0000	0.0000	0.0000	0.0076	0.0763	0.0458
0.0000	0.0000	0.0000	0.0305	0.0687	0.0076
0.0000	0.0000	0.0000	0.0000	0.0458	-0.0076
0.0000	0.0000	0.0000	-0.0534	0.0229	0.0000
0.0000	0.0000	0.0000	-0.0687	-0.0076	0.0229
0.0000	0.0000	0.0000	-0.0229	-0.0458	0.0610
0.0000	0.0000	0.0000	0.0000	-0.0305	0.0381
0.0000	0.0000	0.0000	-0.0229	0.0229	-0.0153
0.0000	0.0000	0.0000	-0.0381	0.0534	-0.0381
0.0000	0.0000	0.0000	0.0000	0.0610	-0.0229
0.0000	0.0000	0.0000	0.0534	0.0305	0.0000
0.0000	0.0000	0.0000	0.0763	0.0305	0.0000
0.0000	0.0000	0.0000	0.0305	0.0458	-0.0229
0.0000	0.0000	0.0000	-0.0076	0.0153	-0.0305
0.0000	0.0000	0.0000	-0.0153	0.0000	-0.0305
0.0000	0.0000	0.0000	-0.0229	0.0153	-0.0381
0.0000	0.0000	0.0000	-0.0458	0.0229	-0.0534
0.0000	0.0000	0.0000	-0.0153	0.0076	-0.0076
0.0000	0.0000	0.0000	0.0381	0.0305	0.0153
0.0000	0.0000	0.0000	0.0610	0.0305	0.0000
0.0000	0.0000	0.0000	0.0153	0.0305	0.0153
0.0000	0.0000	0.0000	-0.0229	0.0381	0.0076
0.0000	0.0000	0.0000	-0.0153	0.0229	-0.0305
0.0000	0.0000	0.0000	0.0153	0.0000	-0.0381
0.0000	0.0000	0.0000	0.0153	-0.0076	-0.0076
0.0000	0.0000	0.0000	0.0153	0.0000	-0.0153
0.0000	0.0000	0.0000	0.0229	0.0076	0.0000
0.0000	0.0000	0.0000	-0.0076	0.0229	0.0763
0.0000	0.0000	0.0000	-0.0458	0.0153	0.0839
0.0000	0.0000	0.0000	-0.0305	0.0153	0.0229
0.0000	0.0000	0.0000	0.0000	0.0229	-0.0381
0.0000	0.0000	0.0000	0.0076	0.0229	-0.0076
0.0000	0.0000	0.0000	0.0000	0.0305	0.0534
0.0000	0.0000	0.0000	-0.0153	0.0458	0.0458
0.0000	0.0000	0.0000	-0.0305	0.0458	0.0229
0.0000	0.0000	0.0000	-0.0305	0.0229	0.0153
0.0000	0.0000	0.0000	-0.0305	0.0076	0.0305
0.0000	0.0000	0.0000	-0.0610	0.0153	0.0381
0.0000	0.0000	0.0000	-0.0687	0.0000	0.0153
0.0000	0.0000	0.0000	-0.0305	0.0153	0.0153
0.0000	0.0000	0.0000	-0.0305	0.0153	0.0381
0.0000	0.0000	0.0000	-0.0687	0.0000	0.0458
0.0000	0.0000	0.0000	-0.0687	0.0076	0.0305
0.0000	0.0000	0.0000	-0.0305	0.0153	0.0153
0.0000	0.0000	0.0000	-0.0458	0.0000	0.0534
0.0000	0.0000	0.0000	-0.0610	-0.0534	0.0610
0.0000	0.0000	0.0000	-0.0153	-0.0992	0.0610
0.0000	0.0000	0.0000	0.0534	-0.0687	0.0458
0.0000	0.0000	0.0000	0.0839	0.0000	0.0153
0.0000	0.0000	0.0000	0.0458	0.0534	0.0000
0.0000	0.0000	0.0000	0.0763	0.0610	-0.0153
0.0000	0.0000	0.0000	0.0763	0.0305	0.0076
0.0000	0.0000	0.0000	0.0381	0.0305	0.0458
0.0000	0.0000	0.0000	0.0229	0.0229	0.0534
0.0000	0.0000	0.0000	0.0076	0.0229	0.0229
0.0000	0.0000	0.0000	-0.0305	0.0000	0.0000
0.0000	0.0000	0.0000	-0.0687	-0.0381	0.0076
0.0000	0.0000	0.0000	-0.0763	-0.0534	0.0229
0.0000	0.0000	0.0000	-0.0839	0.0153	0.0381
0.0000	0.0000	0.0000	-0.0763	0.0687	0.0305
0.0000	0.0000	0.0000	-0.0381	0.0458	-0.0076
0.0000	0.0000	0.0000	0.0000	0.0153	-0.0687
0.0000	0.0000	0.0000	-0.0076	0.0229	-0.1068
0.0000	0.0000	0.0000	-0.0305	0.0381	-0.0839
0.0000	0.0000	0.0000	-0.0381	0.0229	-0.0229
0.0000	0.0000	0.0000	-0.0153	0.0076	0.0000
0.0000	0.0000	0.0000	-0.0305	0.0000	0.0000
0.0000	0.0000	0.0000	-0.0381	-0.0305	-0.0153
0.0000	0.0000	0.0000	-0.0153	-0.0381	-0.0458
0.0000	0.0000	0.0000	0.0000	-0.0229	-0.0534
0.0000	0.0000	0.0000	0.0000	-0.0076	-0.0305
0.0000	0.0000	0.0000	0.0000	0.0000	-0.0153
0.0000	0.0000	0.0000	0.0000	0.0381	-0.0153
0.0000	0.0000	0.0000	-0.0229	0.0839	-0.0076
0.0000	0.0000	0.0000	-0.0229	0.0687	-0.0076
0.0000	0.0000	0.0000	0.0000	0.0305	0.0000
0.0000	0.0000	0.0000	0.0000	-0.0076	0.0153
0.0000	0.0000	0.0000	0.0000	-0.0381	0.0153
0.0000	0.0000	0.0000	-0.0076	-0.0153	0.0000
0.0000	0.0000	0.0000	-0.0229	0.0000	-0.0153
0.0000	0.0000	0.0000	-0.0534	-0.0153	-0.0229
0.0000	0.0000	0.0000	-0.0687	-0.0153	0.0000
0.0000	0.0000	0.0000	-0.0763	0.0000	0.0000
0.0000	0.0000	0.0000	-0.0763	0.0000	-0.0381
0.0000	0.0000	0.0000	-0.0534	-0.0076	-0.0381
0.0000	0.0000	0.0000	-0.0229	0.0076	0.0229
0.0000	0.0000	0.0000	-0.0076	0.0458	0.0534
0.0000	0.0000	0.0000	-0.0458	0.0229	0.0153
0.0000	0.0000	0.0000	-0.0687	-0.0153	-0.0153
0.0000	0.0000	0.0000	-0.0229	0.0076	0.0000
0.0000	0.0000	0.0000	0.0076	0.0687	0.0229
0.0000	0.0000	0.0000	0.0992	0.1221	0.0229
0.0000	0.0000	0.0000	0.1450	0.1450	-0.0153
0.0000	0.0000	0.0000	0.1068	0.1068	-0.0229
0.0000	0.0000	0.0000	0.0610	0.0534	0.0000
0.0000	0.0000	0.0000	0.0763	0.0229	-0.0229
0.0000	0.0000	0.0000	0.0992	0.0305	-0.0381
0.0000	0.0000	0.0000	0.0381	0.0000	0.0153
0.0000	0.0000	0.0000	-0.0229	-0.0229	0.0610
0.0000	0.0000	0.0000	-0.0458	-0.0153	0.0229
0.0000	0.0000	0.0000	-0.0458	-0.0229	-0.0076
0.0000	0.0000	0.0000	-0.0610	-0.0305	-0.0153
0.0000	0.0000	0.0000	-0.0610	0.0000	0.0000
0.0000	0.0000	0.0000	-0.0381	0.0534	0.0076
0.0000	0.0000	0.0000	0.0076	0.0763	-0.0229
0.0000	0.0000	0.0000	0.0610	0.0610	-0.0381
0.0000	0.0000	0.0000	0.0458	0.0229	-0.0076
0.0000	0.0000	0.0000	0.0076	0.0076	0.0076
0.0000	0.0000	0.0000	0.0381	0.0916	0.0000
0.0000	0.0000	0.0000	0.0839	0.1602	-0.0229
0.0000	0.0000	0.0000	0.0381	0.1144	-0.0153
0.0000	0.0000	0.0000	-0.0916	0.0534	0.0153
0.0000	0.0000	0.0000	-0.1602	0.0153	0.0381
0.0000	0.0000	0.0000	-0.1297	-0.0153	0.0381
0.0000	0.0000	0.0000	-0.0763	-0.0534	0.0076
0.0000	0.0000	0.0000	-0.0229	-0.0839	0.0000
0.0000	0.0000	0.0000	-0.0153	-0.0839	-0.0076
0.0000	0.0000	0.0000	-0.0534	-0.0610	-0.0229
0.0000	0.0000	0.0000	-0.0229	-0.0458	-0.0076
0.0000	0.0000	0.0000	0.0076	-0.0305	-0.0153
0.0000	0.0000	0.0000	-0.0305	0.0229	-0.0229
0.0000	0.0000	0.0000	-0.0763	0.0610	0.0000
0.0000	0.0000	0.0000	-0.0916	0.0000	0.0305
0.0000	0.0000	0.0000	-0.0534	-0.0381	0.0763
0.0000	0.0000	0.0000	0.0153	0.0000	0.0610
0.0000	0.0000	0.0000	0.0381	0.0763	-0.0076
0.0000	0.0000	0.0000	0.0229	0.1678	-0.0687
0.0000	0.0000	0.0000	0.0076	0.1602	-0.0687
0.0000	0.0000	0.0000	0.0381	0.0458	-0.0229
0.0000	0.0000	0.0000	0.0305	-0.0610	0.0381
0.0000	0.0000	0.0000	0.0000	-0.0687	0.1221
0.0000	0.0000	0.0000	-0.0076	-0.0229	0.1526
0.0000	0.0000	0.0000	0.0076	0.0076	0.0839
0.0000	0.0000	0.0000	0.0381	0.0305	-0.0229
0.0000	0.0000	0.0000	0.0534	0.0153	-0.1144
0.0000	0.0000	0.0000	0.0534	0.0076	-0.1221
0.0000	0.0000	0.0000	0.0153	0.0381	-0.0763
0.0000	0.0000	0.0000	0.0000	0.0381	-0.0229
-0.4550	-0.3066	-0.4325	-0.0153	0.0000	0.0000
-0.3228	-0.6335	-0.2527	0.0076	-0.0381	-0.0229
-0.1918	-0.9614	-0.4404	0.0381	-0.0458	-0.0458
-0.0581	-1.1913	-0.6282	0.0000	-0.0305	0.0000
-0.0473	-1.4165	-0.0809	0.0000	-0.0381	0.0381
-0.0414	-1.7410	-0.2686	0.0458	-0.0534	0.0076
-0.4982	-1.9525	-0.4561	0.0534	-0.0381	-0.0076
-0.7263	-1.9273	-0.2763	0.0305	-0.0153	0.0153
-0.6969	-1.5436	-0.3419	0.0153	0.0000	0.0534
-1.1280	-1.0211	-0.1622	-0.0076	0.0153	0.0687
-1.5589	-0.5003	-0.3501	0.0687	0.0229	0.0381
-2.0021	-0.3489	-0.1703	0.1068	0.0153	0.0153
-1.9960	-0.6799	-0.9461	0.0229	0.0305	-0.0229
-1.5125	-1.3944	-2.4324	-0.0534	0.0305	-0.0916
-1.0277	-2.1080	-3.9188	-0.0458	0.0610	-0.1144
-0.8944	-2.4423	-5.7727	0.0229	0.1526	-0.0839
-1.4287	-1.6762	-4.3925	0.1450	0.1755	-0.0458
-2.5348	0.1615	1.0550	0.2060	0.0916	-0.0458
-3.2864	1.6421	4.8117	0.0305	0.0000	-0.0305
-3.7108	2.0349	4.9915	-0.1831	-0.0534	-0.0229
-3.0035	1.1904	3.2600	-0.1984	-0.0610	-0.0458
-2.5311	-0.0120	0.7938	-0.0992	-0.0687	-0.0610
-1.4597	-0.8668	-0.6927	-0.0076	-0.0916	-0.0305
-0.7495	-1.4645	-2.1792	0.0305	-0.1068	0.0229
-0.3498	-1.0965	-3.2005	0.0687	-0.0534	0.0687
-0.5452	-0.2438	-4.2217	0.0839	0.0458	0.0381
-0.9447	0.9823	-3.3318	0.1144	0.1297	0.0000
-1.4543	2.4541	-2.0744	0.1602	0.1755	0.0229
-1.9687	3.6782	0.6043	0.1526	0.1526	0.0458
-1.8950	4.8800	3.7727	0.0916	0.0076	0.0458
-1.3638	5.2320	4.6626	-0.0229	-0.1068	0.0000
-0.6479	4.6241	4.1316	-0.1602	-0.0916	-0.0687
0.4166	3.5167	1.9101	-0.1755	-0.0458	-0.0916
1.4689	2.0680	-0.1888	-0.0687	-0.0229	-0.0687
2.5419	1.2073	-0.6217	0.0229	-0.0153	-0.0229
3.7374	0.3417	-1.0547	0.0305	0.0000	0.0153
4.9502	-0.0349	-1.2430	0.0381	0.0076	0.0687
6.1546	-0.6583	-1.7741	0.0839	0.0153	0.0839
7.2453	-1.0359	-2.2073	0.1602	0.0153	0.1221
7.7602	-1.0561	-3.6940	0.2518	0.0305	0.1526
7.3253	-0.9273	-6.8711	0.2823	0.0916	0.1450
6.7964	-0.0898	-9.0927	0.2747	0.1678	0.1221
5.6989	1.8399	-9.1581	0.3357	0.2518	0.0839
3.7988	4.4015	-5.4008	0.4654	0.3357	0.0153
2.0346	7.0697	0.3903	0.5417	0.3891	-0.0381
0.6184	8.9801	3.8048	0.4425	0.3586	-0.0687
-0.4674	10.4083	4.6954	0.2060	0.2518	-0.0610
-0.8800	10.0228	2.4742	0.0000	0.1221	-0.0229
-0.8531	8.8877	-0.3353	-0.0610	0.0000	-0.0076
-0.0182	7.0145	-1.4789	-0.0305	-0.0458	-0.0076
1.1845	5.1284	-1.5447	0.0153	-0.0076	0.0153
2.4089	3.8279	-0.1649	0.1068	0.0229	0.0229
3.5105	2.5276	-0.6963	0.1755	0.0458	0.0076
3.9081	1.3695	-2.1830	0.2213	0.1221	0.0687
3.3810	0.9728	-2.9585	0.2975	0.2136	0.1526
2.2583	0.9323	-3.7337	0.3586	0.2365	0.1602
1.1571	1.3749	-3.0878	0.3052	0.1755	0.1526
0.3023	1.8038	-2.7850	0.2441	0.0916	0.1678
-0.4320	2.1007	-1.5268	0.2441	0.0839	0.1144
-1.1635	2.3927	0.1971	0.2213	0.1221	0.0153
-0.9590	2.0363	0.8421	0.1450	0.1450	-0.0687
-0.7635	1.3351	1.0216	0.0839	0.1526	-0.1068
0.0000	0.0000	0.0000	0.0610	0.1144	-0.1297
0.0000	0.0000	0.0000	0.0992	0.0916	-0.1373
0.0000	0.0000	0.0000	0.1068	0.0992	-0.1450
0.0000	0.0000	0.0000	0.0153	0.0992	-0.1526
0.0000	0.0000	0.0000	-0.0458	0.0839	-0.1068
0.0000	0.0000	0.0000	0.0000	0.0534	-0.0076
0.0000	0.0000	0.0000	0.0839	0.0534	0.0381
0.0000	0.0000	0.0000	0.1221	0.0687	0.0153
0.0000	0.0000	0.0000	0.1068	0.0305	0.0458
0.0000	0.0000	0.0000	0.0916	-0.0076	0.1602
0.0000	0.0000	0.0000	0.1068	0.0000	0.2289
0.0000	0.0000	0.0000	0.1297	0.0381	0.2136
0.0000	0.0000	0.0000	0.1297	0.0381	0.1678
0.0000	0.0000	0.0000	0.1144	0.0000	0.1144
0.0000	0.0000	0.0000	0.1068	-0.0381	0.0305
0.0000	0.0000	0.0000	0.1144	-0.0229	-0.0458
0.0000	0.0000	0.0000	0.0839	0.0229	-0.0839
0.0000	0.0000	0.0000	0.0153	0.0763	-0.0916
0.0000	0.0000	0.0000	-0.0305	0.0763	-0.0534
0.0000	0.0000	0.0000	-0.0534	0.0153	-0.0229
0.0000	0.0000	0.0000	-0.0458	-0.0153	-0.0076
0.0000	0.0000	0.0000	-0.0305	-0.0076	0.0000
0.0000	0.0000	0.0000	-0.0305	0.0000	0.0381
0.0000	0.0000	0.0000	-0.0229	0.0000	0.0610
0.0000	0.0000	0.0000	0.0000	0.0076	0.0458
0.0000	0.0000	0.0000	0.0000	0.0153	0.0000
0.0000	0.0000	0.0000	0.0000	-0.0153	-0.0229
0.0000	0.0000	0.0000	0.0076	-0.0305	-0.0381
0.0000	0.0000	0.0000	0.0458	0.0153	-0.0610
0.0000	0.0000	0.0000	0.0916	0.0534	-0.1144
0.0000	0.0000	0.0000	0.1221	0.0839	-0.1297
0.0000	0.0000	0.0000	0.0839	0.1068	-0.0992
0.0000	0.0000	0.0000	0.0305	0.1144	-0.0763
0.0000	0.0000	0.0000	0.0000	0.0763	-0.0687
-0.1672	0.1283	0.4780	-0.0305	0.0610	-0.0534
0.0000	0.0000	0.0000	0.0076	0.0534	-0.0305
0.0000	0.0000	0.0000	0.0916	0.0229	-0.0229
0.0000	0.0000	0.0000	0.1755	0.0076	-0.0458
0.0000	0.0000	0.0000	0.2060	0.0305	-0.0381
0.0000	0.0000	0.0000	0.0839	0.0763	-0.0076
0.0000	0.0000	0.0000	-0.0076	0.1144	0.0076
0.0000	0.0000	0.0000	0.0153	0.1221	-0.0153
0.0000	0.0000	0.0000	0.0916	0.1068	-0.0458
0.0000	0.0000	0.0000	0.1144	0.0458	-0.0229
0.0000	0.0000	0.0000	0.0534	0.0000	-0.0458
0.0000	0.0000	0.0000	-0.0687	-0.0076	-0.0992
0.0000	0.0000	0.0000	-0.1755	0.0153	-0.0916
0.0000	0.0000	0.0000	-0.1068	0.0000	-0.0381
0.0000	0.0000	0.0000	-0.0381	-0.0305	0.0076
0.0000	0.0000	0.0000	-0.0458	-0.0458	0.0153
0.0000	0.0000	0.0000	-0.0534	-0.0153	0.0000
0.0000	0.0000	0.0000	-0.0229	0.0381	0.0229
0.0000	0.0000	0.0000	0.0000	0.0610	0.0763
0.0000	0.0000	0.0000	0.0000	0.0076	0.1144
0.0000	0.0000	0.0000	-0.0381	-0.0534	0.1526
0.0000	0.0000	0.0000	0.0000	-0.0229	0.1984
0.0000	0.0000	0.0000	0.0916	0.0153	0.2060
0.0000	0.0000	0.0000	0.1144	0.0153	0.1678
0.0000	0.0000	0.0000	0.0687	0.0076	0.0916
0.0000	0.0000	0.0000	0.0000	0.0000	0.0381
0.0000	0.0000	0.0000	0.0000	0.0381	0.0305
0.0000	0.0000	0.0000	0.0381	0.0916	0.0000
0.0000	0.0000	0.0000	0.0610	0.0839	-0.0610
0.0000	0.0000	0.0000	0.0305	0.0305	-0.0763
0.0000	0.0000	0.0000	0.0305	0.0153	-0.0687
0.0000	0.0000	0.0000	0.0534	0.0305	-0.0916
0.0000	0.0000	0.0000	0.0153	0.0381	-0.1373
0.0000	0.0000	0.0000	-0.0381	0.0458	-0.1755
0.0000	0.0000	0.0000	-0.0534	0.0534	-0.1678
0.0000	0.0000	0.0000	-0.0153	0.0458	-0.1297
0.0000	0.0000	0.0000	-0.0305	0.0458	-0.0610
0.0000	0.0000	0.0000	-0.0610	0.0153	-0.0076
0.0000	0.0000	0.0000	-0.0534	-0.0076	0.0153
0.0000	0.0000	0.0000	-0.0534	0.0229	0.0839
0.0000	0.0000	0.0000	-0.0305	0.0610	0.1526
0.0000	0.0000	0.0000	0.0153	0.0381	0.1450
0.0000	0.0000	0.0000	0.0458	0.0000	0.0763
0.0000	0.0000	0.0000	0.0687	-0.0076	0.0000
0.0000	0.0000	0.0000	0.0763	0.0000	-0.0610
0.0000	0.0000	0.0000	0.0381	-0.0229	-0.0916
0.0000	0.0000	0.0000	-0.0076	-0.0381	-0.0763
0.0000	0.0000	0.0000	-0.0153	-0.0305	-0.0381
0.0000	0.0000	0.0000	-0.0458	0.0000	-0.0153
0.0000	0.0000	0.0000	-0.0687	0.0534	-0.0153
3.0210	-0.8993	-0.1609	-0.0076	0.0610	0.0000
5.8175	-1.9147	-0.9342	0.0687	0.0381	0.0305
8.5050	-2.5603	-1.7073	0.0839	0.0305	0.0381
11.3278	-2.8690	-1.8679	0.0687	0.0229	0.0229
13.4205	-3.0310	-2.0277	0.0534	0.0153	0.0381
15.0613	-2.8096	-1.7214	0.0000	0.0076	0.0839
16.7020	-2.5871	-1.7581	-0.0458	0.0076	0.1144
17.7169	-2.7097	-2.5294	-0.0305	-0.0076	0.1144
18.6093	-2.8287	-2.6880	0.0153	-0.0305	0.0916
18.8966	-3.3931	-3.4587	0.0381	-0.0305	0.0076
18.8169	-3.9459	-3.4940	0.0458	-0.0153	-0.0763
18.9711	-4.8758	-1.1529	0.0229	-0.0229	-0.0992
17.9331	-5.3957	-3.7109	0.0229	-0.0153	-0.0458
17.5231	-5.5964	-2.7902	0.0610	0.0305	0.0000
16.3582	-6.3605	-2.4814	0.0610	0.0305	0.0153
14.6299	-6.3955	-2.2699	0.0687	-0.0076	0.0534
13.1489	-6.4420	0.5632	0.0992	0.0000	0.0763
11.3046	-6.2303	-1.9938	0.0610	0.0381	0.0687
9.1269	-5.1755	-0.3603	0.0305	0.0458	0.0534
6.7220	-4.2353	-2.1814	0.0458	0.0381	0.0153
4.5454	-3.1835	-0.1803	0.0839	0.0000	0.0000
2.3900	-1.4231	0.0323	0.1068	-0.0763	-0.0229
0.0000	-0.0000	0.0000	0.1068	-0.0916	-0.0534
0.0000	0.0000	0.0000	0.0916	-0.0534	-0.0534
0.0000	0.0000	0.0000	0.0458	-0.0153	-0.0534
0.0000	0.0000	0.0000	-0.0076	0.0000	-0.0687
0.0000	0.0000	0.0000	-0.0458	0.0076	-0.1221
0.0000	0.0000	0.0000	-0.0305	0.0153	-0.1602
0.0000	0.0000	0.0000	-0.0229	-0.0076	-0.1373
0.0000	0.0000	0.0000	-0.0610	-0.0305	-0.1144
0.0000	0.0000	0.0000	-0.0916	-0.0305	-0.0992
0.2296	-0.0686	-0.5598	-0.1068	-0.0305	-0.0839
0.1167	-0.1240	-0.4086	-0.0763	-0.0229	-0.0916
0.2288	-0.0648	-0.0125	0.0000	0.0000	-0.1144
0.3411	-0.0073	0.3835	0.0763	0.0153	-0.1297
0.1108	0.0602	0.1919	0.1068	0.0458	-0.0763
-0.0000	0.0000	0.0000	0.0458	0.0610	-0.0153
0.0000	0.0000	0.0000	0.0229	0.1068	0.0000
0.0000	0.0000	0.0000	0.0687	0.1602	-0.0153
0.0000	0.0000	0.0000	0.0458	0.1602	-0.0458
0.0000	0.0000	0.0000	-0.0534	0.1068	-0.1221
0.0000	0.0000	0.0000	-0.1526	0.0458	-0.1984
-0.6896	0.0825	0.0946	-0.1755	0.0305	-0.1984
-0.6811	-0.2244	0.4334	-0.1297	0.0153	-0.1450
-0.6867	-0.8721	-0.4285	-0.0687	-0.0381	-0.0763
-0.3096	-1.0675	-0.0900	-0.0153	-0.0992	-0.0458
-0.0447	-0.8920	-0.3393	0.0458	-0.0916	-0.0381
0.0000	0.0000	0.0000	0.0916	-0.0305	0.0000
0.0000	0.0000	0.0000	0.0687	0.0153	0.0534
0.0000	0.0000	0.0000	0.0534	0.0229	0.0916
0.0000	0.0000	0.0000	0.0839	0.0076	0.1144
0.0000	0.0000	0.0000	0.1602	-0.0229	0.1221
0.0000	0.0000	0.0000	0.1755	-0.0992	0.1221
0.0000	0.0000	0.0000	0.0839	-0.1068	0.1221
0.0000	0.0000	0.0000	0.0153	-0.0610	0.1450
0.0000	0.0000	0.0000	0.0000	-0.0076	0.1602
0.0000	0.0000	0.0000	0.0153	0.0229	0.1068
0.0000	0.0000	0.0000	0.0229	0.0229	0.0534
0.0000	0.0000	0.0000	0.0305	-0.0153	0.0229
0.0000	0.0000	0.0000	0.0610	-0.0458	0.0153
0.0000	0.0000	0.0000	0.0458	0.0000	0.0000
0.0000	0.0000	0.0000	-0.0153	0.0458	-0.0229
0.0000	0.0000	0.0000	-0.0458	0.0534	-0.0076
0.0000	0.0000	0.0000	-0.0229	0.0458	0.0458
0.0000	0.0000	0.0000	0.0000	0.0458	0.0992
0.0000	0.0000	0.0000	0.0153	0.0381	0.0687
0.0000	0.0000	0.0000	0.0305	0.0229	0.0458
0.0000	0.0000	0.0000	0.0153	0.0000	0.0381
0.0000	0.0000	0.0000	0.0000	-0.0153	0.0076
0.0000	0.0000	0.0000	-0.0153	-0.0534	-0.0381
0.0000	0.0000	0.0000	-0.0305	-0.0610	-0.0839
0.0000	0.0000	0.0000	-0.0153	-0.0076	-0.1068
0.0000	0.0000	0.0000	-0.0076	0.0305	-0.1221
0.0000	0.0000	0.0000	-0.0153	-0.0076	-0.1678
0.0000	0.0000	0.0000	0.0076	-0.0381	-0.1755
0.0000	0.0000	0.0000	0.0458	-0.0076	-0.1068
0.0000	0.0000	0.0000	0.0000	0.0153	-0.0229
0.0000	0.0000	0.0000	-0.1221	0.0153	0.0076
0.0000	0.0000	0.0000	-0.1373	-0.0076	0.0000
0.0000	0.0000	0.0000	-0.0534	-0.0458	-0.0305
0.0000	0.0000	0.0000	-0.0381	-0.0610	0.0076
0.0000	0.0000	0.0000	-0.0610	-0.0381	0.1068
0.0000	0.0000	0.0000	-0.0534	0.0000	0.1373
0.0000	0.0000	0.0000	-0.0229	0.0229	0.0839
0.0000	0.0000	0.0000	0.0229	0.0153	0.0153
0.0000	0.0000	0.0000	0.0458	0.0153	-0.0076
0.0000	0.0000	0.0000	0.0229	0.0000	0.0000
0.0000	0.0000	0.0000	0.0305	-0.0381	0.0000
0.0000	0.0000	0.0000	0.0305	-0.0687	-0.0458
0.0000	0.0000	0.0000	0.0000	-0.0687	-0.0687
0.0000	0.0000	0.0000	-0.0229	0.0000	-0.0458
0.0000	0.0000	0.0000	0.0000	0.0763	-0.0076
0.0000	0.0000	0.0000	0.0381	0.1221	0.0076
0.0000	0.0000	0.0000	0.0229	0.1068	0.0458
0.0000	0.0000	0.0000	-0.0076	0.0229	0.0763
0.0000	0.0000	0.0000	0.0000	-0.0305	0.0763
0.0000	0.0000	0.0000	0.0381	-0.0153	0.0687
0.0000	0.0000	0.0000	0.0687	0.0229	0.0610
0.0000	0.0000	0.0000	0.0763	0.0458	0.0687
0.0000	0.0000	0.0000	0.0458	0.0305	0.0763
0.0000	0.0000	0.0000	0.0000	0.0000	0.0000
0.0000	0.0000	0.0000	0.0000	0.0000	0.0000
0.0000	0.0000	0.0000	0.0000	0.0000	0.0000
0.0000	0.0000	0.0000	0.0000	0.0000	0.0000
0.0000	0.0000	0.0000	0.0000	0.0000	0.0000
0.0000	0.0000	0.0000	0.0000	0.0000	0.0000
0.0000	0.0000	0.0000	0.0000	0.0000	0.0000
0.0000	0.0000	0.0000	0.0000	0.0000	0.0000
0.0000	0.0000	0.0000	0.0000	0.0000	0.0000
0.0000	0.0000	0.0000	0.0000	0.0000	0.0000
0.0000	0.0000	0.0000	0.0000	0.0000	0.0000
0.0000	0.0000	0.0000	0.0000	0.0000	0.0000
0.0000	0.0000	0.0000	0.0000	0.0000	0.0000
0.0000	0.0000	0.0000	0.0000	0.0000	0.0000
0.0000	0.0000	0.0000	0.0000	0.0000	0.0000
0.0000	0.0000	0.0000	0.0000	0.0000	0.0000
0.0000	0.0000	0.0000	0.0000	0.0000	0.0000
0.0000	0.0000	0.0000	0.0000	0.0000	0.0000
0.0000	0.0000	0.0000	0.0000	0.0000	0.0000
0.0000	0.0000	0.0000	0.0000	0.0000	0.0000
0.0000	0.0000	0.0000	0.0000	0.0000	0.0000
0.0000	0.0000	0.0000	0.0000	0.0000	0.0000
0.0000	0.0000	0.0000	0.0000	0.0000	0.0000
0.0000	0.0000	0.0000	0.0000	0.0000	0.0000
0.0000	0.0000	0.0000	0.0000	0.0000	0.0000
0.0000	0.0000	0.0000	0.0000	0.0000	0.0000
0.0000	0.0000	0.0000	0.0000	0.0000	0.0000
0.0000	0.0000	0.0000	0.0000	0.0000	0.0000
0.0000	0.0000	0.0000	0.0000	0.0000	0.0000
0.0000	0.0000	0.0000	0.0000	0.0000	0.0000
