0	0	0	0	0	0	0
4	0	0	0	0	0	0
8	0	0	0	0	0	0
12	0	0	0	0	0	0
16	0	0	0	0	0	0
20	0	0	0	0	0	0
24	0	0	0	0	0	0
28	0	0	0	0	0	0
32	0	0	0	0	0	0
36	0	0	0	0	0	0
40	0	0	0	0	0	0
44	0	0	0	0	0	0
48	0	0	0	0	0	0
52	0	0	0	0	0	0
56	0	0	0	0	0	0
60	0	0	0	0	0	0
64	0	0	0	0	0	0
68	0	0	0	0	0	0
72	-2.79E-07	-4.90E-08	-4.59E-07	0	0	0
76	-7.13E-07	-2.70E-07	-1.01E-06	0	0	0
80	-1.08E-06	-1.37E-06	-3.08E-06	0	0	0
84	-1.14E-06	-2.99E-06	-6.19E-06	0	0	0
88	-5.28E-07	-4.41E-06	-9.15E-06	0	0	0
92	7.64E-07	-5.51E-06	-8.25E-06	0	0	0
96	1.78E-06	-6.42E-06	-6.49E-06	0	0	0
100	1.78E-06	-6.42E-06	-6.49E-06	0	0	0
104	1.78E-06	-6.42E-06	-6.49E-06	0	0	0
108	1.78E-06	-6.42E-06	-6.49E-06	0	0	0
112	1.78E-06	-6.42E-06	-6.49E-06	0	0	0
116	1.78E-06	-6.42E-06	-6.49E-06	0	0	0
120	1.78E-06	-6.42E-06	-6.49E-06	0	0	0
124	1.78E-06	-6.42E-06	-6.49E-06	0	0	0
128	1.78E-06	-6.42E-06	-6.49E-06	0	0	0
132	1.78E-06	-6.42E-06	-6.49E-06	0	0	0
136	1.78E-06	-6.42E-06	-6.49E-06	0	0	0
140	1.78E-06	-6.42E-06	-6.49E-06	0	0	0
144	1.78E-06	-6.42E-06	-6.49E-06	0	0	0
148	1.78E-06	-6.42E-06	-6.49E-06	0	0	0
152	1.78E-06	-6.42E-06	-6.49E-06	0	0	0
156	1.78E-06	-6.42E-06	-6.49E-06	0	0	0
160	1.78E-06	-6.42E-06	-6.49E-06	0	0	0
164	1.78E-06	-6.42E-06	-6.49E-06	0	0	0
168	1.78E-06	-6.42E-06	-6.49E-06	0	0	0
172	1.78E-06	-6.42E-06	-6.49E-06	0	0	0
176	1.78E-06	-6.42E-06	-6.49E-06	0	0	0
180	1.78E-06	-6.42E-06	-6.49E-06	0	0	0
184	1.78E-06	-6.42E-06	-6.49E-06	0	0	0
188	1.78E-06	-6.42E-06	-6.49E-06	0	0	0
192	1.78E-06	-6.42E-06	-6.49E-06	0	0	0
196	1.78E-06	-6.42E-06	-6.49E-06	0	0	0
200	1.78E-06	-6.42E-06	-6.49E-06	0	0	0
204	1.78E-06	-6.42E-06	-6.49E-06	0	0	0
208	1.78E-06	-6.42E-06	-6.49E-06	0	0	0
212	1.78E-06	-6.42E-06	-6.49E-06	0	0	0
216	1.78E-06	-6.42E-06	-6.49E-06	0	0	0
220	1.78E-06	-6.42E-06	-6.49E-06	0	0	0
224	1.78E-06	-6.42E-06	-6.49E-06	0	0	0
228	1.78E-06	-6.42E-06	-6.49E-06	0	0	0
232	1.78E-06	-6.42E-06	-6.49E-06	0	0	0
236	1.78E-06	-6.42E-06	-6.49E-06	0	0	0
240	1.78E-06	-6.42E-06	-6.49E-06	0	0	0
244	1.78E-06	-6.42E-06	-6.49E-06	0	0	0
248	1.78E-06	-6.42E-06	-6.49E-06	0	0	0
252	1.78E-06	-6.42E-06	-6.49E-06	0	0	0
256	1.78E-06	-6.42E-06	-6.49E-06	0	0	0
260	1.78E-06	-6.42E-06	-6.49E-06	0	0	0
264	1.78E-06	-6.42E-06	-6.49E-06	0	0	0
268	1.78E-06	-6.42E-06	-6.49E-06	0	0	0
272	1.78E-06	-6.42E-06	-6.49E-06	0	0	0
276	1.78E-06	-6.42E-06	-6.49E-06	0	0	0
280	1.78E-06	-6.42E-06	-6.49E-06	0	0	0
284	1.78E-06	-6.42E-06	-6.49E-06	0	0	0
288	1.78E-06	-6.42E-06	-6.49E-06	0	0	0
292	1.78E-06	-6.42E-06	-6.49E-06	0	0	0
296	1.78E-06	-6.42E-06	-6.49E-06	0	0	0
300	1.78E-06	-6.42E-06	-6.49E-06	0	0	0
304	1.78E-06	-6.42E-06	-6.49E-06	0	0	0
308	1.66E-06	-7.40E-06	-5.24E-06	0	0	0
312	5.94E-07	-9.11E-06	-2.73E-06	0	0	0
316	-1.55E-06	-1.16E-05	6.75E-07	0	0	0
320	-4.76E-06	-1.51E-05	4.01E-06	0	0	0
324	-9.29E-06	-2.02E-05	7.15E-06	0	0	0
328	-1.42E-05	-2.84E-05	8.81E-06	0	0	0
332	-1.88E-05	-4.05E-05	7.99E-06	0	0	0
336	-2.20E-05	-5.69E-05	5.08E-06	0	0	0
340	-2.34E-05	-7.77E-05	1.14E-06	0	0	0
344	-2.26E-05	-0.000102485	-2.26E-06	0	0	0
348	-1.98E-05	-0.000130617	-6.67E-06	0	0	0
352	-1.49E-05	-0.00016056	-1.22E-05	0	0	0
356	-8.25E-06	-0.000190525	-1.88E-05	0	0	0
360	-6.52E-07	-0.000218235	-2.83E-05	0	0	0
364	8.03E-06	-0.000240699	-3.27E-05	0	0	0
368	1.84E-05	-0.000259118	-3.60E-05	0	0	0
372	3.04E-05	-0.000270503	-4.37E-05	0	0	0
376	4.27E-05	-0.000271987	-3.95E-05	0	0	0
380	5.48E-05	-0.000265726	-3.14E-05	0	0	0
384	6.72E-05	-0.00025422	-3.18E-05	0	0	0
388	7.82E-05	-0.000234479	-4.66E-05	0	0	0
392	8.70E-05	-0.000207949	-5.67E-05	0	0	0
396	9.42E-05	-0.000175707	-5.86E-05	0	0	0
400	9.93E-05	-0.000137388	-5.96E-05	0	0	0
404	0.000102995	-9.77E-05	-5.40E-05	0	0	0
408	0.000105023	-6.13E-05	-4.34E-05	0	0	0
412	0.000104899	-3.02E-05	-4.16E-05	0	0	0
416	0.00010441	-5.47E-06	-4.69E-05	0	0	0
420	0.000105246	1.20E-05	-4.76E-05	0	0	0
424	0.000107035	2.24E-05	-4.84E-05	0	0	0
428	0.000108821	2.66E-05	-5.01E-05	0	0	0
432	0.000109897	2.55E-05	-5.00E-05	0	0	0
436	0.000108818	1.94E-05	-5.24E-05	0	0	0
440	0.000104167	1.06E-05	-6.19E-05	0	0	0
444	9.70E-05	1.62E-06	-7.08E-05	0	0	0
448	8.92E-05	-7.24E-06	-7.68E-05	0	0	0
452	8.15E-05	-1.54E-05	-8.19E-05	0	0	0
456	7.45E-05	-2.10E-05	-8.39E-05	0	0	0
460	6.81E-05	-2.53E-05	-8.14E-05	0	0	0
464	6.22E-05	-2.95E-05	-8.18E-05	0	0	0
468	5.71E-05	-3.37E-05	-8.99E-05	0	0	0
472	5.39E-05	-3.87E-05	-0.000100342	0	0	0
476	5.36E-05	-4.37E-05	-0.00010914	0	0	0
480	5.61E-05	-4.78E-05	-0.000114404	0	0	0
484	6.17E-05	-5.12E-05	-0.00011339	0	0	0
488	7.01E-05	-5.48E-05	-0.00011041	0	0	0
492	7.99E-05	-5.85E-05	-0.000113109	0	0	0
496	8.92E-05	-6.21E-05	-0.000120188	0	0	0
500	9.82E-05	-6.46E-05	-0.000128289	0	0	0
504	0.000106165	-6.39E-05	-0.000132513	0	0	0
508	0.000113401	-5.92E-05	-0.00013129	0	0	0
512	0.000118983	-5.09E-05	-0.000126532	0	0	0
516	0.000122422	-4.02E-05	-0.000121474	0	0	0
520	0.000123127	-2.86E-05	-0.000120794	0	0	0
524	0.000120732	-1.77E-05	-0.000124004	0	0	0
528	0.000116559	-7.55E-06	-0.00012728	0	0	0
532	0.000111075	1.99E-06	-0.0001293	0	0	0
536	0.000105017	1.04E-05	-0.000128644	0	0	0
540	9.92E-05	1.71E-05	-0.000126389	0	0	0
544	9.31E-05	2.15E-05	-0.000124911	0	0	0
548	8.66E-05	2.37E-05	-0.000124456	0	0	0
552	8.01E-05	2.39E-05	-0.000123702	0	0	0
556	7.43E-05	2.27E-05	-0.000122647	0	0	0
560	7.00E-05	2.04E-05	-0.000120704	0	0	0
564	6.76E-05	1.78E-05	-0.000117751	0	0	0
568	6.66E-05	1.48E-05	-0.000115577	0	0	0
572	6.69E-05	1.20E-05	-0.000114793	0	0	0
576	6.79E-05	1.00E-05	-0.000115743	0	0	0
580	6.97E-05	9.24E-06	-0.000117128	0	0	0
584	7.18E-05	1.03E-05	-0.000117625	0	0	0
588	7.40E-05	1.36E-05	-0.000116744	0	0	0
592	7.62E-05	1.86E-05	-0.000113896	0	0	0
596	7.83E-05	2.48E-05	-0.00010945	0	0	0
600	8.07E-05	3.11E-05	-0.000105193	0	0	0
604	8.30E-05	3.68E-05	-0.000101127	0	0	0
608	8.52E-05	4.10E-05	-9.78E-05	0	0	0
612	8.68E-05	4.37E-05	-9.60E-05	0	0	0
616	8.77E-05	4.49E-05	-9.53E-05	0	0	0
620	8.77E-05	4.49E-05	-9.53E-05	0	0	0
624	8.77E-05	4.49E-05	-9.53E-05	0	0	0
628	8.77E-05	4.49E-05	-9.53E-05	0	0	0
632	8.77E-05	4.49E-05	-9.53E-05	0	0	0
636	8.77E-05	4.49E-05	-9.53E-05	0	0	0
640	8.77E-05	4.49E-05	-9.53E-05	0	0	0
644	8.77E-05	4.49E-05	-9.53E-05	0	0	0
648	8.77E-05	4.49E-05	-9.53E-05	0	0	0
652	8.77E-05	4.49E-05	-9.53E-05	0	0	0
656	8.77E-05	4.49E-05	-9.53E-05	0	0	0
660	8.77E-05	4.49E-05	-9.53E-05	0	0	0
664	8.77E-05	4.49E-05	-9.53E-05	0	0	0
668	8.77E-05	4.49E-05	-9.53E-05	0	0	0
672	8.77E-05	4.49E-05	-9.53E-05	0	0	0
676	8.77E-05	4.49E-05	-9.53E-05	0	0	0
680	8.77E-05	4.49E-05	-9.53E-05	0	0	0
684	8.77E-05	4.49E-05	-9.53E-05	0	0	0
688	8.77E-05	4.49E-05	-9.53E-05	0	0	0
692	8.77E-05	4.49E-05	-9.53E-05	0	0	0
696	8.77E-05	4.49E-05	-9.53E-05	0	0	0
700	8.77E-05	4.49E-05	-9.53E-05	0	0	0
704	8.77E-05	4.49E-05	-9.53E-05	0	0	0
708	8.77E-05	4.49E-05	-9.53E-05	0	0	0
712	8.77E-05	4.49E-05	-9.53E-05	0	0	0
716	8.77E-05	4.49E-05	-9.53E-05	0	0	0
720	8.77E-05	4.49E-05	-9.53E-05	0	0	0
724	8.77E-05	4.49E-05	-9.53E-05	0	0	0
728	8.77E-05	4.49E-05	-9.53E-05	0	0	0
732	8.77E-05	4.49E-05	-9.53E-05	0	0	0
736	8.77E-05	4.49E-05	-9.53E-05	0	0	0
740	8.77E-05	4.49E-05	-9.53E-05	0	0	0
744	8.77E-05	4.49E-05	-9.53E-05	0	0	0
748	8.77E-05	4.49E-05	-9.53E-05	0	0	0
752	8.77E-05	4.49E-05	-9.53E-05	0	0	0
756	8.77E-05	4.49E-05	-9.53E-05	0	0	0
760	8.77E-05	4.49E-05	-9.53E-05	0	0	0
764	8.77E-05	4.49E-05	-9.53E-05	0	0	0
768	8.77E-05	4.49E-05	-9.53E-05	0	0	0
772	8.77E-05	4.49E-05	-9.53E-05	0	0	0
776	8.77E-05	4.49E-05	-9.53E-05	0	0	0
780	8.77E-05	4.49E-05	-9.53E-05	0	0	0
784	8.77E-05	4.49E-05	-9.53E-05	0	0	0
788	8.77E-05	4.49E-05	-9.53E-05	0	0	0
792	8.77E-05	4.49E-05	-9.53E-05	0	0	0
796	8.77E-05	4.49E-05	-9.53E-05	0	0	0
800	8.77E-05	4.49E-05	-9.53E-05	0	0	0
804	8.77E-05	4.49E-05	-9.53E-05	0	0	0
808	8.77E-05	4.49E-05	-9.53E-05	0	0	0
812	8.77E-05	4.49E-05	-9.53E-05	0	0	0
816	8.77E-05	4.49E-05	-9.53E-05	0	0	0
820	8.77E-05	4.49E-05	-9.53E-05	0	0	0
824	8.77E-05	4.49E-05	-9.53E-05	0	0	0
828	8.77E-05	4.49E-05	-9.53E-05	0	0	0
832	8.77E-05	4.49E-05	-9.53E-05	0	0	0
836	8.77E-05	4.49E-05	-9.53E-05	0	0	0
840	8.77E-05	4.49E-05	-9.53E-05	0	0	0
844	8.77E-05	4.49E-05	-9.53E-05	0	0	0
848	8.77E-05	4.49E-05	-9.53E-05	0	0	0
852	8.77E-05	4.49E-05	-9.53E-05	0	0	0
856	8.77E-05	4.49E-05	-9.53E-05	0	0	0
860	8.77E-05	4.49E-05	-9.53E-05	0	0	0
864	8.77E-05	4.49E-05	-9.53E-05	0	0	0
868	8.77E-05	4.49E-05	-9.53E-05	0	0	0
872	8.77E-05	4.49E-05	-9.53E-05	0	0	0
876	8.77E-05	4.49E-05	-9.53E-05	0	0	0
880	8.77E-05	4.49E-05	-9.53E-05	0	0	0
884	8.77E-05	4.49E-05	-9.53E-05	0	0	0
888	8.77E-05	4.49E-05	-9.53E-05	0	0	0
892	8.77E-05	4.49E-05	-9.53E-05	0	0	0
896	8.77E-05	4.49E-05	-9.53E-05	0	0	0
900	8.77E-05	4.49E-05	-9.53E-05	0	0	0
904	8.77E-05	4.49E-05	-9.53E-05	0	0	0
908	8.77E-05	4.49E-05	-9.53E-05	0	0	0
912	8.77E-05	4.49E-05	-9.53E-05	0	0	0
916	8.77E-05	4.49E-05	-9.53E-05	0	0	0
920	8.77E-05	4.49E-05	-9.53E-05	0	0	0
924	8.77E-05	4.49E-05	-9.53E-05	0	0	0
928	8.77E-05	4.49E-05	-9.53E-05	0	0	0
932	8.77E-05	4.49E-05	-9.53E-05	0	0	0
936	8.77E-05	4.49E-05	-9.53E-05	0	0	0
940	8.77E-05	4.49E-05	-9.53E-05	0	0	0
944	8.77E-05	4.49E-05	-9.53E-05	0	0	0
948	8.77E-05	4.49E-05	-9.53E-05	0	0	0
952	8.77E-05	4.49E-05	-9.53E-05	0	0	0
956	8.77E-05	4.49E-05	-9.53E-05	0	0	0
960	8.77E-05	4.49E-05	-9.53E-05	0	0	0
964	8.77E-05	4.49E-05	-9.53E-05	0	0	0
968	8.77E-05	4.49E-05	-9.53E-05	0	0	0
972	8.77E-05	4.49E-05	-9.53E-05	0	0	0
976	8.77E-05	4.49E-05	-9.53E-05	0	0	0
980	8.77E-05	4.49E-05	-9.53E-05	0	0	0
984	8.77E-05	4.49E-05	-9.53E-05	0	0	0
988	8.77E-05	4.49E-05	-9.53E-05	0	0	0
992	8.77E-05	4.49E-05	-9.53E-05	0	0	0
996	8.77E-05	4.49E-05	-9.53E-05	0	0	0
1000	8.77E-05	4.49E-05	-9.53E-05	0	0	0
1004	8.77E-05	4.49E-05	-9.53E-05	0	0	0
1008	8.77E-05	4.49E-05	-9.53E-05	0	0	0
1012	8.77E-05	4.49E-05	-9.53E-05	0	0	0
1016	8.77E-05	4.49E-05	-9.53E-05	0	0	0
1020	8.77E-05	4.49E-05	-9.53E-05	0	0	0
1024	8.77E-05	4.49E-05	-9.53E-05	0	0	0
1028	8.77E-05	4.49E-05	-9.53E-05	0	0	0
1032	8.77E-05	4.49E-05	-9.53E-05	0	0	0
1036	8.77E-05	4.49E-05	-9.53E-05	0	0	0
1040	8.77E-05	4.49E-05	-9.53E-05	0	0	0
1044	8.77E-05	4.49E-05	-9.53E-05	0	0	0
1048	8.77E-05	4.49E-05	-9.53E-05	0	0	0
1052	8.77E-05	4.49E-05	-9.53E-05	0	0	0
1056	8.77E-05	4.49E-05	-9.53E-05	0	0	0
1060	8.77E-05	4.49E-05	-9.53E-05	0	0	0
1064	8.77E-05	4.49E-05	-9.53E-05	0	0	0
1068	8.77E-05	4.49E-05	-9.53E-05	0	0	0
1072	8.77E-05	4.49E-05	-9.53E-05	0	0	0
1076	8.77E-05	4.49E-05	-9.53E-05	0	0	0
1080	8.77E-05	4.49E-05	-9.53E-05	0	0	0
1084	8.77E-05	4.49E-05	-9.53E-05	0	0	0
1088	8.77E-05	4.49E-05	-9.53E-05	0	0	0
1092	8.77E-05	4.49E-05	-9.53E-05	0	0	0
1096	8.77E-05	4.49E-05	-9.53E-05	0	0	0
1100	8.77E-05	4.49E-05	-9.53E-05	0	0	0
1104	8.77E-05	4.49E-05	-9.53E-05	0	0	0
1108	8.77E-05	4.49E-05	-9.53E-05	0	0	0
1112	8.77E-05	4.49E-05	-9.53E-05	0	0	0
1116	8.77E-05	4.49E-05	-9.53E-05	0	0	0
1120	8.77E-05	4.49E-05	-9.53E-05	0	0	0
1124	8.77E-05	4.49E-05	-9.53E-05	0	0	0
1128	8.77E-05	4.49E-05	-9.53E-05	0	0	0
1132	8.77E-05	4.49E-05	-9.53E-05	0	0	0
1136	8.77E-05	4.49E-05	-9.53E-05	0	0	0
1140	8.77E-05	4.49E-05	-9.53E-05	0	0	0
1144	8.77E-05	4.49E-05	-9.53E-05	0	0	0
1148	8.77E-05	4.49E-05	-9.53E-05	0	0	0
1152	8.77E-05	4.49E-05	-9.53E-05	0	0	0
1156	8.77E-05	4.49E-05	-9.53E-05	0	0	0
1160	8.77E-05	4.49E-05	-9.53E-05	0	0	0
1164	8.77E-05	4.49E-05	-9.53E-05	0	0	0
1168	8.77E-05	4.49E-05	-9.53E-05	0	0	0
1172	8.77E-05	4.49E-05	-9.53E-05	0	0	0
1176	8.77E-05	4.49E-05	-9.53E-05	0	0	0
1180	8.77E-05	4.49E-05	-9.53E-05	0	0	0
1184	8.77E-05	4.49E-05	-9.53E-05	0	0	0
1188	8.77E-05	4.49E-05	-9.53E-05	0	0	0
1192	8.77E-05	4.49E-05	-9.53E-05	0	0	0
1196	8.77E-05	4.49E-05	-9.53E-05	0	0	0
1200	8.77E-05	4.49E-05	-9.53E-05	0	0	0
1204	8.77E-05	4.49E-05	-9.53E-05	0	0	0
1208	8.77E-05	4.49E-05	-9.53E-05	0	0	0
1212	8.77E-05	4.49E-05	-9.53E-05	0	0	0
1216	8.77E-05	4.49E-05	-9.53E-05	0	0	0
1220	8.77E-05	4.49E-05	-9.53E-05	0	0	0
1224	8.77E-05	4.49E-05	-9.53E-05	0	0	0
1228	8.77E-05	4.49E-05	-9.53E-05	0	0	0
1232	8.77E-05	4.49E-05	-9.53E-05	0	0	0
1236	8.77E-05	4.49E-05	-9.53E-05	0	0	0
1240	8.77E-05	4.49E-05	-9.53E-05	0	0	0
1244	8.77E-05	4.49E-05	-9.53E-05	0	0	0
1248	8.77E-05	4.49E-05	-9.53E-05	0	0	0
1252	8.77E-05	4.49E-05	-9.53E-05	0	0	0
1256	8.77E-05	4.49E-05	-9.53E-05	0	0	0
1260	8.77E-05	4.49E-05	-9.53E-05	0	0	0
1264	8.77E-05	4.49E-05	-9.53E-05	0	0	0
1268	8.77E-05	4.49E-05	-9.53E-05	0	0	0
1272	8.77E-05	4.49E-05	-9.53E-05	0	0	0
1276	8.77E-05	4.49E-05	-9.53E-05	0	0	0
1280	8.77E-05	4.49E-05	-9.53E-05	0	0	0
1284	8.77E-05	4.49E-05	-9.53E-05	0	0	0
1288	8.77E-05	4.49E-05	-9.53E-05	0	0	0
1292	8.77E-05	4.49E-05	-9.53E-05	0	0	0
1296	8.77E-05	4.49E-05	-9.53E-05	0	0	0
1300	8.77E-05	4.49E-05	-9.53E-05	0	0	0
1304	8.77E-05	4.49E-05	-9.53E-05	0	0	0
1308	8.77E-05	4.49E-05	-9.53E-05	0	0	0
1312	8.77E-05	4.49E-05	-9.53E-05	0	0	0
1316	8.77E-05	4.49E-05	-9.53E-05	0	0	0
1320	8.77E-05	4.49E-05	-9.53E-05	0	0	0
1324	8.77E-05	4.49E-05	-9.53E-05	0	0	0
1328	8.77E-05	4.49E-05	-9.53E-05	0	0	0
1332	8.77E-05	4.49E-05	-9.53E-05	0	0	0
1336	8.77E-05	4.49E-05	-9.53E-05	0	0	0
1340	8.77E-05	4.49E-05	-9.53E-05	0	0	0
1344	8.77E-05	4.49E-05	-9.53E-05	0	0	0
1348	8.77E-05	4.49E-05	-9.53E-05	0	0	0
1352	8.77E-05	4.49E-05	-9.53E-05	0	0	0
1356	8.77E-05	4.49E-05	-9.53E-05	0	0	0
1360	8.77E-05	4.49E-05	-9.53E-05	0	0	0
1364	8.77E-05	4.49E-05	-9.53E-05	0	0	0
1368	8.77E-05	4.49E-05	-9.53E-05	0	0	0
1372	8.77E-05	4.49E-05	-9.53E-05	0	0	0
1376	8.77E-05	4.49E-05	-9.53E-05	0	0	0
1380	8.77E-05	4.49E-05	-9.53E-05	0	0	0
1384	8.77E-05	4.49E-05	-9.53E-05	0	0	0
1388	8.77E-05	4.49E-05	-9.53E-05	0	0	0
1392	8.77E-05	4.49E-05	-9.53E-05	0	0	0
1396	8.77E-05	4.49E-05	-9.53E-05	0	0	0
1400	8.77E-05	4.49E-05	-9.53E-05	0	0	0
1404	8.77E-05	4.49E-05	-9.53E-05	0	0	0
1408	8.77E-05	4.49E-05	-9.53E-05	0	0	0
1412	8.77E-05	4.49E-05	-9.53E-05	0	0	0
1416	8.77E-05	4.49E-05	-9.53E-05	0	0	0
1420	8.77E-05	4.49E-05	-9.53E-05	0	0	0
1424	8.77E-05	4.49E-05	-9.53E-05	0	0	0
1428	8.77E-05	4.49E-05	-9.53E-05	0	0	0
1432	8.77E-05	4.49E-05	-9.53E-05	0	0	0
1436	8.77E-05	4.49E-05	-9.53E-05	0	0	0
1440	8.77E-05	4.49E-05	-9.53E-05	0	0	0
1444	8.77E-05	4.49E-05	-9.53E-05	0	0	0
1448	8.77E-05	4.49E-05	-9.53E-05	0	0	0
1452	8.77E-05	4.49E-05	-9.53E-05	0	0	0
1456	8.77E-05	4.49E-05	-9.53E-05	0	0	0
1460	8.77E-05	4.49E-05	-9.53E-05	0	0	0
1464	8.77E-05	4.49E-05	-9.53E-05	0	0	0
1468	8.77E-05	4.49E-05	-9.53E-05	0	0	0
1472	8.77E-05	4.49E-05	-9.53E-05	0	0	0
1476	8.77E-05	4.49E-05	-9.53E-05	0	0	0
1480	8.77E-05	4.49E-05	-9.53E-05	0	0	0
1484	8.77E-05	4.49E-05	-9.53E-05	0	0	0
1488	8.77E-05	4.49E-05	-9.53E-05	0	0	0
1492	8.77E-05	4.49E-05	-9.53E-05	0	0	0
1496	8.77E-05	4.49E-05	-9.53E-05	0	0	0
1500	8.77E-05	4.49E-05	-9.53E-05	0	0	0
1504	8.77E-05	4.49E-05	-9.53E-05	0	0	0
1508	8.77E-05	4.49E-05	-9.53E-05	0	0	0
1512	8.77E-05	4.49E-05	-9.53E-05	0	0	0
1516	8.77E-05	4.49E-05	-9.53E-05	0	0	0
1520	8.77E-05	4.49E-05	-9.53E-05	0	0	0
1524	8.77E-05	4.49E-05	-9.53E-05	0	0	0
1528	8.77E-05	4.49E-05	-9.53E-05	0	0	0
1532	8.77E-05	4.49E-05	-9.53E-05	0	0	0
1536	8.77E-05	4.49E-05	-9.53E-05	0	0	0
1540	8.77E-05	4.49E-05	-9.53E-05	0	0	0
1544	8.77E-05	4.49E-05	-9.53E-05	0	0	0
1548	8.77E-05	4.49E-05	-9.53E-05	0	0	0
1552	8.77E-05	4.49E-05	-9.53E-05	0	0	0
1556	8.77E-05	4.49E-05	-9.53E-05	0	0	0
1560	8.77E-05	4.49E-05	-9.53E-05	0	0	0
1564	8.77E-05	4.49E-05	-9.53E-05	0	0	0
1568	8.77E-05	4.49E-05	-9.53E-05	0	0	0
1572	8.77E-05	4.49E-05	-9.53E-05	0	0	0
1576	8.77E-05	4.49E-05	-9.53E-05	0	0	0
1580	8.77E-05	4.49E-05	-9.53E-05	0	0	0
1584	8.77E-05	4.49E-05	-9.53E-05	0	0	0
1588	8.77E-05	4.49E-05	-9.53E-05	0	0	0
1592	8.77E-05	4.49E-05	-9.53E-05	0	0	0
1596	0.000115126	5.30E-05	-9.55E-05	0	0	0
1600	0.000176726	6.30E-05	-9.62E-05	0	0	0
1604	0.000270393	6.71E-05	-9.67E-05	0	0	0
1608	0.000401134	7.04E-05	-9.82E-05	0	0	0
1612	0.000560088	6.83E-05	-9.99E-05	0	0	0
1616	0.000749019	6.21E-05	-0.000101291	0	0	0
1620	0.000966022	4.68E-05	-0.000102918	0	0	0
1624	0.001228437	2.47E-05	-0.000104734	0	0	0
1628	0.001550946	2.43E-07	-0.000106353	0	0	0
1632	0.001924321	-2.51E-05	-0.000109813	0	0	0
1636	0.002340241	-6.04E-05	-0.000113707	0	0	0
1640	0.002789794	-9.88E-05	-0.000116714	0	0	0
1644	0.00326462	-0.000129011	-0.00011871	0	0	0
1648	0.003775625	-0.000152623	-0.000121719	0	0	0
1652	0.004332302	-0.000175794	-0.000125144	0	0	0
1656	0.00493503	-0.000199883	-0.000128252	0	0	0
1660	0.005584768	-0.000217243	-0.000131402	0	0	0
1664	0.006283475	-0.000232323	-0.000133269	0	0	0
1668	0.007054051	-0.000261394	-0.00013873	0	0	0
1672	0.007864248	-0.00029002	-0.000144948	0	0	0
1676	0.008722277	-0.000329257	-0.000153358	0	0	0
1680	0.009620914	-0.000382954	-0.000162181	0	0	0
1684	0.01056716	-0.000449264	-0.000171988	0	0	0
1688	0.01158192	-0.000540065	-0.000180708	0	0	0
1692	0.012633731	-0.000650377	-0.000189937	0	0	0
1696	0.013738103	-0.000778306	-0.000200962	0	0	0
1700	0.01486989	-0.000925448	-0.000210963	0	0	0
1704	0.016043636	-0.001090109	-0.000220741	0	0	0
1708	0.017292085	-0.001271716	-0.000232252	0	0	0
1712	0.018607329	-0.001458991	-0.000243715	0	0	0
1716	0.019988276	-0.001650684	-0.000253808	0	0	0
1720	0.021409726	-0.001843654	-0.000263541	0	0	0
1724	0.022885686	-0.002038979	-0.000276114	0	0	0
1728	0.024393363	-0.002247556	-0.000292663	0	0	0
1732	0.025934548	-0.002468969	-0.000303972	0	0	0
1736	0.027517234	-0.002705584	-0.000322231	0	0	0
1740	0.02913166	-0.002952644	-0.00033597	0	0	0
1744	0.030768233	-0.003200354	-0.000347734	0	0	0
1748	0.032434167	-0.003456858	-0.000358589	0	0	0
1752	0.034145045	-0.003730899	-0.000369929	0	0	0
1756	0.035888481	-0.00403462	-0.000379865	0	0	0
1760	0.037656018	-0.004349236	-0.000387821	0	0	0
1764	0.039443459	-0.004668139	-0.000395838	0	0	0
1768	0.041238209	-0.004998005	-0.000405731	0	0	0
1772	0.04303038	-0.005337777	-0.000414654	0	0	0
1776	0.04482383	-0.005689891	-0.000424755	0	0	0
1780	0.046602738	-0.006047177	-0.000435952	0	0	0
1784	0.048384679	-0.006410083	-0.000446532	0	0	0
1788	0.050182204	-0.006771948	-0.000458592	0	0	0
1792	0.051972751	-0.007130966	-0.000468029	0	0	0
1796	0.053746019	-0.007486471	-0.000475587	0	0	0
1800	0.055500868	-0.007837172	-0.000480193	0	0	0
1804	0.057239299	-0.008182331	-0.000486277	0	0	0
1808	0.05895741	-0.008532803	-0.000493855	0	0	0
1812	0.060637651	-0.008891041	-0.000503083	0	0	0
1816	0.062285182	-0.00925123	-0.000510734	0	0	0
1820	0.063903937	-0.009612232	-0.00051966	0	0	0
1824	0.065491172	-0.009963823	-0.000527006	0	0	0
1828	0.067034481	-0.010303065	-0.000533992	0	0	0
1832	0.068521685	-0.010617017	-0.00053961	0	0	0
1836	0.069977249	-0.010910432	-0.000546869	0	0	0
1840	0.071399008	-0.011181392	-0.000554357	0	0	0
1844	0.072770954	-0.011421205	-0.000563222	0	0	0
1848	0.074103152	-0.0116403	-0.000571023	0	0	0
1852	0.075397049	-0.011847663	-0.000577632	0	0	0
1856	0.076663018	-0.012053285	-0.000586855	0	0	0
1860	0.077879451	-0.012246303	-0.000596382	0	0	0
1864	0.07904541	-0.012427457	-0.000605508	0	0	0
1868	0.080148695	-0.012593221	-0.000612474	0	0	0
1872	0.081183449	-0.01274296	-0.000617796	0	0	0
1876	0.082150332	-0.012878591	-0.000620985	0	0	0
1880	0.083065112	-0.01300704	-0.000622832	0	0	0
1884	0.083917852	-0.013123277	-0.000624803	0	0	0
1888	0.084698486	-0.01323136	-0.000626476	0	0	0
1892	0.085415729	-0.013331149	-0.000626738	0	0	0
1896	0.086071651	-0.013424147	-0.000626416	0	0	0
1900	0.086665135	-0.01350907	-0.000626103	0	0	0
1904	0.087198205	-0.013581329	-0.000625917	0	0	0
1908	0.087681957	-0.013635742	-0.000625443	0	0	0
1912	0.088112373	-0.013670037	-0.000624945	0	0	0
1916	0.088487978	-0.013687629	-0.000625752	0	0	0
1920	0.088818019	-0.013685646	-0.000627335	0	0	0
1924	0.089103842	-0.013669556	-0.000628264	0	0	0
1928	0.08935166	-0.013643143	-0.000629466	0	0	0
1932	0.089567899	-0.013609251	-0.000630668	0	0	0
1936	0.089744354	-0.013569953	-0.000631438	0	0	0
1940	0.089882078	-0.013528477	-0.000631869	0	0	0
1944	0.089987317	-0.013485597	-0.000632301	0	0	0
1948	0.090063531	-0.013448156	-0.000632595	0	0	0
1952	0.09011473	-0.013417952	-0.000632486	0	0	0
1956	0.090145476	-0.013398202	-0.000632319	0	0	0
1960	0.090161033	-0.013388364	-0.00063244	0	0	0
1964	0.090164216	-0.013386916	-0.000632101	0	0	0
1968	0.090164936	-0.013386765	-0.000631996	0	0	0
1972	0.090164936	-0.013386765	-0.000631996	0	0	0
1976	0.090164936	-0.013386765	-0.000631996	0	0	0
1980	0.090164936	-0.013386765	-0.000631996	0	0	0
1984	0.090164936	-0.013386765	-0.000631996	0	0	0
1988	0.090164936	-0.013386765	-0.000631996	0	0	0
1992	0.090164936	-0.013386765	-0.000631996	0	0	0
1996	0.090164936	-0.013386765	-0.000631996	0	0	0
2000	0.090164936	-0.013386765	-0.000631996	0	0	0
2004	0.090164936	-0.013386765	-0.000631996	0	0	0
2008	0.090164936	-0.013386765	-0.000631996	0	0	0
2012	0.090164936	-0.013386765	-0.000631996	0	0	0
2016	0.090164936	-0.013386765	-0.000631996	0	0	0
2020	0.090164936	-0.013386765	-0.000631996	0	0	0
2024	0.090164936	-0.013386765	-0.000631996	0	0	0
2028	0.090164936	-0.013386765	-0.000631996	0	0	0
2032	0.090164936	-0.013386765	-0.000631996	0	0	0
2036	0.090164936	-0.013386765	-0.000631996	0	0	0
2040	0.090164936	-0.013386765	-0.000631996	0	0	0
2044	0.090164936	-0.013386765	-0.000631996	0	0	0
2048	0.090164936	-0.013386765	-0.000631996	0	0	0
2052	0.090164936	-0.013386765	-0.000631996	0	0	0
2056	0.090164936	-0.013386765	-0.000631996	0	0	0
2060	0.090164936	-0.013386765	-0.000631996	0	0	0
2064	0.090164936	-0.013386765	-0.000631996	0	0	0
2068	0.090164936	-0.013386765	-0.000631996	0	0	0
2072	0.090164936	-0.013386765	-0.000631996	0	0	0
2076	0.090164936	-0.013386765	-0.000631996	0	0	0
2080	0.090164936	-0.013386765	-0.000631996	0	0	0
2084	0.090164936	-0.013386765	-0.000631996	0	0	0
2088	0.090164936	-0.013386765	-0.000631996	0	0	0
2092	0.090164936	-0.013386765	-0.000631996	0	0	0
2096	0.090164936	-0.013386765	-0.000631996	0	0	0
2100	0.090164936	-0.013386765	-0.000631996	0	0	0
2104	0.090164936	-0.013386765	-0.000631996	0	0	0
2108	0.090164936	-0.013386765	-0.000631996	0	0	0
2112	0.090164936	-0.013386765	-0.000631996	0	0	0
2116	0.090164936	-0.013386765	-0.000631996	0	0	0
2120	0.090164936	-0.013386765	-0.000631996	0	0	0
2124	0.090164936	-0.013386765	-0.000631996	0	0	0
2128	0.090164936	-0.013386765	-0.000631996	0	0	0
2132	0.090164936	-0.013386765	-0.000631996	0	0	0
2136	0.090164936	-0.013386765	-0.000631996	0	0	0
2140	0.090164936	-0.013386765	-0.000631996	0	0	0
2144	0.090164936	-0.013386765	-0.000631996	0	0	0
2148	0.090164936	-0.013386765	-0.000631996	0	0	0
2152	0.090164936	-0.013386765	-0.000631996	0	0	0
2156	0.090164936	-0.013386765	-0.000631996	0	0	0
2160	0.090164936	-0.013386765	-0.000631996	0	0	0
2164	0.090164936	-0.013386765	-0.000631996	0	0	0
2168	0.090164936	-0.013386765	-0.000631996	0	0	0
2172	0.090164936	-0.013386765	-0.000631996	0	0	0
2176	0.090164936	-0.013386765	-0.000631996	0	0	0
2180	0.090164936	-0.013386765	-0.000631996	0	0	0
2184	0.090164936	-0.013386765	-0.000631996	0	0	0
2188	0.090164936	-0.013386765	-0.000631996	0	0	0
2192	0.090164936	-0.013386765	-0.000631996	0	0	0
2196	0.090164936	-0.013386765	-0.000631996	0	0	0
2200	0.090164936	-0.013386765	-0.000631996	0	0	0
2204	0.090164936	-0.013386765	-0.000631996	0	0	0
2208	0.090164936	-0.013386765	-0.000631996	0	0	0
2212	0.090164936	-0.013386765	-0.000631996	0	0	0
2216	0.090164936	-0.013386765	-0.000631996	0	0	0
2220	0.090164936	-0.013386765	-0.000631996	0	0	0
2224	0.090164936	-0.013386765	-0.000631996	0	0	0
2228	0.090164936	-0.013386765	-0.000631996	0	0	0
2232	0.090164936	-0.013386765	-0.000631996	0	0	0
2236	0.090164936	-0.013386765	-0.000631996	0	0	0
2240	0.090164936	-0.013386765	-0.000631996	0	0	0
2244	0.090164936	-0.013386765	-0.000631996	0	0	0
2248	0.090164936	-0.013386765	-0.000631996	0	0	0
2252	0.090164936	-0.013386765	-0.000631996	0	0	0
2256	0.090164936	-0.013386765	-0.000631996	0	0	0
2260	0.090164936	-0.013386765	-0.000631996	0	0	0
2264	0.090164936	-0.013386765	-0.000631996	0	0	0
2268	0.090164936	-0.013386765	-0.000631996	0	0	0
2272	0.090164936	-0.013386765	-0.000631996	0	0	0
2276	0.090163483	-0.013384758	-0.000632134	0	0	0
2280	0.090158651	-0.013370389	-0.000633032	0	0	0
2284	0.090148957	-0.01332863	-0.000633718	0	0	0
2288	0.090137674	-0.013256746	-0.000634913	0	0	0
2292	0.090127822	-0.01315895	-0.000636236	0	0	0
2296	0.090118242	-0.01303957	-0.000637937	0	0	0
2300	0.09011004	-0.01289894	-0.00064001	0	0	0
2304	0.09010721	-0.012726878	-0.000642808	0	0	0
2308	0.090109831	-0.012522185	-0.000646329	0	0	0
2312	0.090117731	-0.012283791	-0.000649838	0	0	0
2316	0.090131272	-0.01201169	-0.000653333	0	0	0
2320	0.090149974	-0.011709966	-0.000656472	0	0	0
2324	0.090172664	-0.011362874	-0.000661052	0	0	0
2328	0.090197672	-0.010969515	-0.000664212	0	0	0
2332	0.090217673	-0.0105398	-0.000667895	0	0	0
2336	0.090233094	-0.010062958	-0.000672099	0	0	0
2340	0.090243522	-0.009535524	-0.000675255	0	0	0
2344	0.090250243	-0.00894156	-0.000678435	0	0	0
2348	0.090253111	-0.008287408	-0.000679602	0	0	0
2352	0.090249851	-0.007559854	-0.00068224	0	0	0
2356	0.09024415	-0.006749024	-0.000682133	0	0	0
2360	0.090239928	-0.005871241	-0.000680929	0	0	0
2364	0.090239407	-0.004938438	-0.000675386	0	0	0
2368	0.090242026	-0.00395412	-0.000671605	0	0	0
2372	0.090249629	-0.002913706	-0.000665998	0	0	0
2376	0.090254994	-0.001857069	-0.000658735	0	0	0
2380	0.090264807	-0.000719252	-0.000647109	0	0	0
2384	0.090281814	0.000478362	-0.000637214	0	0	0
2388	0.090313893	0.001740069	-0.000623645	0	0	0
2392	0.09035741	0.003096906	-0.000607113	0	0	0
2396	0.090406786	0.00453633	-0.000588485	0	0	0
2400	0.090461511	0.006047415	-0.000569093	0	0	0
2404	0.09051306	0.007615844	-0.00054969	0	0	0
2408	0.090561184	0.009251439	-0.000527526	0	0	0
2412	0.090605613	0.010943901	-0.000505348	0	0	0
2416	0.090649655	0.012706244	-0.000479674	0	0	0
2420	0.09069718	0.014542629	-0.000457537	0	0	0
2424	0.090748474	0.016447166	-0.000430435	0	0	0
2428	0.090801851	0.018409892	-0.00040078	0	0	0
2432	0.090859516	0.02040575	-0.000370003	0	0	0
2436	0.090919478	0.02241892	-0.000335971	0	0	0
2440	0.090976928	0.024449129	-0.000303726	0	0	0
2444	0.091033724	0.026508026	-0.000264887	0	0	0
2448	0.091095433	0.028594049	-0.000227446	0	0	0
2452	0.091166781	0.030726309	-0.000194464	0	0	0
2456	0.091249084	0.032891696	-0.000172397	0	0	0
2460	0.091338116	0.035076376	-0.000147905	0	0	0
2464	0.091427773	0.037288192	-0.000123861	0	0	0
2468	0.09151852	0.039517159	-0.000104472	0	0	0
2472	0.091607121	0.041759642	-7.80E-05	0	0	0
2476	0.091694697	0.044009826	-4.59E-05	0	0	0
2480	0.091781635	0.046281327	-2.19E-05	0	0	0
2484	0.091871068	0.048569527	2.29E-06	0	0	0
2488	0.091963424	0.050876026	2.51E-05	0	0	0
2492	0.092061218	0.053213117	4.94E-05	0	0	0
2496	0.092160502	0.055581827	7.06E-05	0	0	0
2500	0.092265798	0.057980263	8.49E-05	0	0	0
2504	0.092376696	0.060395839	9.25E-05	0	0	0
2508	0.092493864	0.062826176	0.000107876	0	0	0
2512	0.092611276	0.06525991	0.00011686	0	0	0
2516	0.092726021	0.067693575	0.000122346	0	0	0
2520	0.092836424	0.070123393	0.000128871	0	0	0
2524	0.092942616	0.072565409	0.00013073	0	0	0
2528	0.093052375	0.075017312	0.000143504	0	0	0
2532	0.093167429	0.077484296	0.000158368	0	0	0
2536	0.093284498	0.079965361	0.000174575	0	0	0
2540	0.093404401	0.08246129	0.000188796	0	0	0
2544	0.093527042	0.084958868	0.000208169	0	0	0
2548	0.093648862	0.08745873	0.000225502	0	0	0
2552	0.093768055	0.089956035	0.000247339	0	0	0
2556	0.093880895	0.092451935	0.000266026	0	0	0
2560	0.093993261	0.094940311	0.000285753	0	0	0
2564	0.094109423	0.097413989	0.000308886	0	0	0
2568	0.094233801	0.099874777	0.000338339	0	0	0
2572	0.09436402	0.102333211	0.000362403	0	0	0
2576	0.094494139	0.104787996	0.00036395	0	0	0
2580	0.094630001	0.107245425	0.000361327	0	0	0
2584	0.094771703	0.10970976	0.000357418	0	0	0
2588	0.094917492	0.112184207	0.000352819	0	0	0
2592	0.095061916	0.114673223	0.000343582	0	0	0
2596	0.095205471	0.117171701	0.00032947	0	0	0
2600	0.095343641	0.11967366	0.000310784	0	0	0
2604	0.095472612	0.122158357	0.000294847	0	0	0
2608	0.095600906	0.124626419	0.000287671	0	0	0
2612	0.095738045	0.127090059	0.00026577	0	0	0
2616	0.095889078	0.129559909	0.000253023	0	0	0
2620	0.096057698	0.132028305	0.000238997	0	0	0
2624	0.096251215	0.134490689	0.000224185	0	0	0
2628	0.096462243	0.136941713	0.000201947	0	0	0
2632	0.096683698	0.139376556	0.000175102	0	0	0
2636	0.096907758	0.141780805	0.000145589	0	0	0
2640	0.097128258	0.144153426	0.000102622	0	0	0
2644	0.097342423	0.146496712	5.91E-05	0	0	0
2648	0.097549462	0.148811069	1.37E-05	0	0	0
2652	0.097747967	0.151095577	-2.14E-05	0	0	0
2656	0.097943697	0.1533639	-6.20E-05	0	0	0
2660	0.098144	0.155624701	-0.000106196	0	0	0
2664	0.098342868	0.157879621	-0.000148598	0	0	0
2668	0.098550775	0.160116126	-0.000180554	0	0	0
2672	0.098763943	0.162323928	-0.000219227	0	0	0
2676	0.098984873	0.164506743	-0.000249519	0	0	0
2680	0.099194139	0.166662703	-0.00028766	0	0	0
2684	0.099386888	0.168803858	-0.000326069	0	0	0
2688	0.099562511	0.17092378	-0.000366102	0	0	0
2692	0.099719255	0.173009971	-0.000396337	0	0	0
2696	0.099850248	0.175056768	-0.000426998	0	0	0
2700	0.099957823	0.177087163	-0.000460366	0	0	0
2704	0.100050277	0.179114287	-0.000486762	0	0	0
2708	0.100140336	0.181146826	-0.0005219	0	0	0
2712	0.100233555	0.183178376	-0.000547948	0	0	0
2716	0.100324683	0.185219591	-0.000573256	0	0	0
2720	0.100420143	0.18726938	-0.000599348	0	0	0
2724	0.100529931	0.189341196	-0.000616806	0	0	0
2728	0.100653867	0.191437287	-0.000637578	0	0	0
2732	0.100801904	0.193559299	-0.000661616	0	0	0
2736	0.100977492	0.195709904	-0.000693083	0	0	0
2740	0.101182673	0.197880931	-0.00073738	0	0	0
2744	0.101410185	0.200053932	-0.000786151	0	0	0
2748	0.101651619	0.202220986	-0.000837676	0	0	0
2752	0.101901432	0.204371713	-0.000892031	0	0	0
2756	0.102146496	0.206490024	-0.000952682	0	0	0
2760	0.102383907	0.208592637	-0.001011076	0	0	0
2764	0.102615066	0.21068087	-0.001062889	0	0	0
2768	0.102841813	0.212749771	-0.001106817	0	0	0
2772	0.103070251	0.214797611	-0.001131136	0	0	0
2776	0.103301747	0.216824441	-0.00114469	0	0	0
2780	0.103536672	0.218836906	-0.001164666	0	0	0
2784	0.103783146	0.220828857	-0.001191066	0	0	0
2788	0.104052867	0.222826435	-0.001191393	0	0	0
2792	0.104353149	0.224836639	-0.001214016	0	0	0
2796	0.104683457	0.226840503	-0.001218003	0	0	0
2800	0.105030879	0.228828932	-0.001212214	0	0	0
2804	0.105391599	0.23080165	-0.001210289	0	0	0
2808	0.105759027	0.232752544	-0.00120394	0	0	0
2812	0.106126794	0.234693171	-0.001212509	0	0	0
2816	0.106490016	0.236624756	-0.001228463	0	0	0
2820	0.106847787	0.238552019	-0.001248791	0	0	0
2824	0.107189576	0.240470292	-0.001273449	0	0	0
2828	0.107513384	0.242378327	-0.001308923	0	0	0
2832	0.107819716	0.244277153	-0.001351262	0	0	0
2836	0.108107722	0.246168851	-0.00138108	0	0	0
2840	0.108379002	0.248054559	-0.001393218	0	0	0
2844	0.108632078	0.249937616	-0.001427628	0	0	0
2848	0.108875035	0.25180663	-0.001471405	0	0	0
2852	0.109108828	0.253675035	-0.001518109	0	0	0
2856	0.109334113	0.255541232	-0.001553389	0	0	0
2860	0.109555606	0.257399457	-0.001578949	0	0	0
2864	0.109773772	0.259259834	-0.001605253	0	0	0
2868	0.109990305	0.261127696	-0.001640734	0	0	0
2872	0.110211337	0.26300369	-0.001695891	0	0	0
2876	0.110446202	0.264886286	-0.001736944	0	0	0
2880	0.110694582	0.266775877	-0.00174762	0	0	0
2884	0.110962052	0.268679655	-0.001744351	0	0	0
2888	0.111246783	0.270597512	-0.001725113	0	0	0
2892	0.111552014	0.272527248	-0.001724231	0	0	0
2896	0.111890752	0.27445718	-0.001728072	0	0	0
2900	0.112258875	0.276369732	-0.00173549	0	0	0
2904	0.112653307	0.278256243	-0.001742004	0	0	0
2908	0.113055766	0.280105351	-0.001752943	0	0	0
2912	0.113455485	0.281909776	-0.001763519	0	0	0
2916	0.113853548	0.283678251	-0.00176815	0	0	0
2920	0.114241382	0.285394641	-0.001772983	0	0	0
2924	0.114612442	0.28705141	-0.001774535	0	0	0
2928	0.114966257	0.288662455	-0.00176494	0	0	0
2932	0.115301927	0.290213892	-0.001762243	0	0	0
2936	0.11561148	0.291686428	-0.001785183	0	0	0
2940	0.115894865	0.293080864	-0.001803961	0	0	0
2944	0.116157458	0.294390672	-0.001824332	0	0	0
2948	0.116406904	0.295615346	-0.001856425	0	0	0
2952	0.116653103	0.296742595	-0.001859006	0	0	0
2956	0.116900087	0.297789331	-0.001868773	0	0	0
2960	0.117145149	0.298744131	-0.001871469	0	0	0
2964	0.117373704	0.299602466	-0.001874398	0	0	0
2968	0.117568006	0.300372005	-0.001880238	0	0	0
2972	0.117730033	0.301058758	-0.001883329	0	0	0
2976	0.117857354	0.301669462	-0.001891411	0	0	0
2980	0.117951761	0.302195125	-0.001899403	0	0	0
2984	0.118016699	0.302640141	-0.001903898	0	0	0
2988	0.118061773	0.303017393	-0.001911917	0	0	0
2992	0.118092956	0.30332723	-0.00191913	0	0	0
2996	0.118113206	0.303569136	-0.00192839	0	0	0
3000	0.118116957	0.303755571	-0.001937947	0	0	0
3004	0.118124686	0.303888386	-0.001948268	0	0	0
3008	0.118130217	0.303987789	-0.001958526	0	0	0
3012	0.118137475	0.304068282	-0.001968682	0	0	0
3016	0.118150921	0.30412877	-0.001978961	0	0	0
3020	0.118169165	0.304167836	-0.001987349	0	0	0
3024	0.118191536	0.304194859	-0.001997498	0	0	0
3028	0.118216034	0.304217538	-0.002009117	0	0	0
3032	0.118241815	0.304238493	-0.002021577	0	0	0
3036	0.118268553	0.304258137	-0.002034412	0	0	0
3040	0.118297301	0.304276124	-0.002049283	0	0	0
3044	0.1183267	0.304293286	-0.00206416	0	0	0
3048	0.118355233	0.304310838	-0.002077745	0	0	0
3052	0.118383984	0.304328309	-0.002091701	0	0	0
3056	0.118413277	0.304345277	-0.002105416	0	0	0
3060	0.118443036	0.304362123	-0.002119501	0	0	0
3064	0.118473245	0.304378721	-0.002133712	0	0	0
3068	0.118503917	0.304395195	-0.002147925	0	0	0
3072	0.118534334	0.304411498	-0.002162636	0	0	0
3076	0.118563963	0.304428152	-0.002177475	0	0	0
3080	0.118587985	0.304446407	-0.002192342	0	0	0
3084	0.118607299	0.304465429	-0.00220736	0	0	0
3088	0.118626094	0.304484056	-0.002222511	0	0	0
3092	0.118643893	0.304502219	-0.002238166	0	0	0
3096	0.118660098	0.304520103	-0.002254206	0	0	0
3100	0.118665033	0.304539445	-0.002270434	0	0	0
3104	0.118651122	0.304562493	-0.002286759	0	0	0
3108	0.118610809	0.30459076	-0.002303341	0	0	0
3112	0.118544561	0.304625161	-0.002320047	0	0	0
3116	0.11846017	0.304666698	-0.002336231	0	0	0
3120	0.11834856	0.304712475	-0.002351263	0	0	0
3124	0.118210131	0.304763806	-0.002366184	0	0	0
3128	0.118051447	0.304822546	-0.002381548	0	0	0
3132	0.11785869	0.304884427	-0.002397848	0	0	0
3136	0.117624253	0.304953666	-0.002413653	0	0	0
3140	0.117356331	0.305026849	-0.002431339	0	0	0
3144	0.117063392	0.30510222	-0.002453118	0	0	0
3148	0.116718874	0.305171552	-0.002473987	0	0	0
3152	0.116324988	0.305237411	-0.002489598	0	0	0
3156	0.115893072	0.305301763	-0.002509784	0	0	0
3160	0.115426125	0.305362794	-0.002527731	0	0	0
3164	0.114938127	0.305426598	-0.002544381	0	0	0
3168	0.114413649	0.305488542	-0.002560707	0	0	0
3172	0.11386401	0.305552376	-0.002577317	0	0	0
3176	0.113281118	0.305618974	-0.002597006	0	0	0
3180	0.112666416	0.305692236	-0.002613635	0	0	0
3184	0.11203277	0.305762345	-0.002631868	0	0	0
3188	0.111372212	0.305833806	-0.002648613	0	0	0
3192	0.110687292	0.305914901	-0.002665577	0	0	0
3196	0.109977589	0.305994057	-0.002677823	0	0	0
3200	0.109240025	0.306076315	-0.002681847	0	0	0
3204	0.108470115	0.306156639	-0.002687167	0	0	0
3208	0.107670185	0.306236453	-0.002694004	0	0	0
3212	0.106850172	0.30630551	-0.002700459	0	0	0
3216	0.106005354	0.306365683	-0.002705714	0	0	0
3220	0.10512212	0.306410537	-0.002716585	0	0	0
3224	0.10421685	0.306453596	-0.002725448	0	0	0
3228	0.103283115	0.306485217	-0.002736597	0	0	0
3232	0.102313755	0.306507248	-0.002742534	0	0	0
3236	0.101324809	0.306525802	-0.002738196	0	0	0
3240	0.100305794	0.306546578	-0.002731975	0	0	0
3244	0.099262122	0.306569492	-0.002726953	0	0	0
3248	0.098201355	0.306592839	-0.002723812	0	0	0
3252	0.097116938	0.306621888	-0.002717181	0	0	0
3256	0.096017197	0.306660006	-0.002715253	0	0	0
3260	0.094901994	0.306708098	-0.002706286	0	0	0
3264	0.093780873	0.306762465	-0.002694814	0	0	0
3268	0.092656042	0.306822218	-0.002679386	0	0	0
3272	0.0915255	0.306884773	-0.002659663	0	0	0
3276	0.090387299	0.306947057	-0.002636169	0	0	0
3280	0.089234172	0.307006673	-0.002612194	0	0	0
3284	0.088075113	0.307058984	-0.002587597	0	0	0
3288	0.086913472	0.307100164	-0.002567039	0	0	0
3292	0.085754596	0.307135788	-0.002546168	0	0	0
3296	0.084593761	0.307168101	-0.002520802	0	0	0
3300	0.083412251	0.307196521	-0.002490308	0	0	0
3304	0.082220747	0.307222185	-0.002454744	0	0	0
3308	0.08100718	0.307236651	-0.002413391	0	0	0
3312	0.079782232	0.30724667	-0.002371887	0	0	0
3316	0.078535922	0.307255274	-0.002331829	0	0	0
3320	0.07727244	0.307274608	-0.002287261	0	0	0
3324	0.075994707	0.30729538	-0.002244209	0	0	0
3328	0.074719264	0.307322293	-0.002201481	0	0	0
3332	0.073430948	0.307356602	-0.002154955	0	0	0
3336	0.072130306	0.307394088	-0.002109921	0	0	0
3340	0.070825102	0.307436402	-0.00206464	0	0	0
3344	0.069528685	0.307490617	-0.002018543	0	0	0
3348	0.068239133	0.307553609	-0.001972369	0	0	0
3352	0.066921241	0.307612666	-0.001927183	0	0	0
3356	0.065590991	0.307661747	-0.001882952	0	0	0
3360	0.064262152	0.30769272	-0.001840524	0	0	0
3364	0.062941028	0.30771735	-0.001797523	0	0	0
3368	0.061620234	0.307740199	-0.00175383	0	0	0
3372	0.060293905	0.307756063	-0.001709964	0	0	0
3376	0.058968175	0.307764524	-0.001667595	0	0	0
3380	0.057648599	0.307771045	-0.001624978	0	0	0
3384	0.056344301	0.307782783	-0.001583732	0	0	0
3388	0.055045496	0.307800375	-0.001543521	0	0	0
3392	0.05376454	0.307823553	-0.00150886	0	0	0
3396	0.052511151	0.307862497	-0.001478705	0	0	0
3400	0.051291712	0.307924217	-0.001446528	0	0	0
3404	0.05006015	0.307991093	-0.0014115	0	0	0
3408	0.04881267	0.308050303	-0.001372628	0	0	0
3412	0.047553526	0.308089396	-0.001336319	0	0	0
3416	0.046289401	0.308107067	-0.001302192	0	0	0
3420	0.045020452	0.308100683	-0.001266438	0	0	0
3424	0.043758522	0.308077052	-0.001231507	0	0	0
3428	0.042519185	0.308040926	-0.001193723	0	0	0
3432	0.041295713	0.307992703	-0.001152386	0	0	0
3436	0.040095261	0.307934395	-0.001115598	0	0	0
3440	0.038922378	0.307879654	-0.001083741	0	0	0
3444	0.037764433	0.307821065	-0.001048764	0	0	0
3448	0.036630739	0.307764858	-0.001013476	0	0	0
3452	0.035521962	0.307708707	-0.000983894	0	0	0
3456	0.034449646	0.307650846	-0.000951126	0	0	0
3460	0.033414627	0.307600143	-0.000917283	0	0	0
3464	0.032431034	0.307560157	-0.000888537	0	0	0
3468	0.031486449	0.307538166	-0.000860694	0	0	0
3472	0.030572266	0.307530226	-0.000833085	0	0	0
3476	0.029710072	0.30753772	-0.00081188	0	0	0
3480	0.028894619	0.307562856	-0.000798156	0	0	0
3484	0.02812592	0.307608182	-0.000788173	0	0	0
3488	0.027418504	0.307670649	-0.000775937	0	0	0
3492	0.026741437	0.307745668	-0.000764072	0	0	0
3496	0.026111833	0.307837512	-0.000752163	0	0	0
3500	0.025512572	0.30793096	-0.000739611	0	0	0
3504	0.024959561	0.308040694	-0.000728352	0	0	0
3508	0.02443493	0.308165216	-0.000718304	0	0	0
3512	0.023930534	0.308294482	-0.000708576	0	0	0
3516	0.023439759	0.30843349	-0.000699866	0	0	0
3520	0.022995142	0.308580728	-0.000692497	0	0	0
3524	0.022563979	0.308732302	-0.000685463	0	0	0
3528	0.022168473	0.308884896	-0.000677788	0	0	0
3532	0.021804939	0.309032584	-0.000671175	0	0	0
3536	0.021482908	0.30917185	-0.000664913	0	0	0
3540	0.021195959	0.30930551	-0.000658388	0	0	0
3544	0.020950378	0.30942891	-0.000653185	0	0	0
3548	0.020730748	0.309542652	-0.000649693	0	0	0
3552	0.020554182	0.309639247	-0.000646725	0	0	0
3556	0.020421011	0.309716403	-0.00064525	0	0	0
3560	0.020332138	0.309771802	-0.00064432	0	0	0
3564	0.020275033	0.309808172	-0.000643574	0	0	0
3568	0.020244356	0.309826902	-0.000643011	0	0	0
3572	0.020233046	0.309834222	-0.000642857	0	0	0
3576	0.020233046	0.309834222	-0.000642857	0	0	0
3580	0.020233046	0.309834222	-0.000642857	0	0	0
3584	0.020233046	0.309834222	-0.000642857	0	0	0
3588	0.020233046	0.309834222	-0.000642857	0	0	0
3592	0.020233046	0.309834222	-0.000642857	0	0	0
3596	0.020233046	0.309834222	-0.000642857	0	0	0
3600	0.020233046	0.309834222	-0.000642857	0	0	0
3604	0.020233046	0.309834222	-0.000642857	0	0	0
3608	0.020233046	0.309834222	-0.000642857	0	0	0
3612	0.020233046	0.309834222	-0.000642857	0	0	0
3616	0.020233046	0.309834222	-0.000642857	0	0	0
3620	0.020233046	0.309834222	-0.000642857	0	0	0
3624	0.020233046	0.309834222	-0.000642857	0	0	0
3628	0.020233046	0.309834222	-0.000642857	0	0	0
3632	0.020233046	0.309834222	-0.000642857	0	0	0
3636	0.020233046	0.309834222	-0.000642857	0	0	0
3640	0.020233046	0.309834222	-0.000642857	0	0	0
3644	0.020233046	0.309834222	-0.000642857	0	0	0
3648	0.020233046	0.309834222	-0.000642857	0	0	0
3652	0.020233046	0.309834222	-0.000642857	0	0	0
3656	0.020233046	0.309834222	-0.000642857	0	0	0
3660	0.020233046	0.309834222	-0.000642857	0	0	0
3664	0.020233046	0.309834222	-0.000642857	0	0	0
3668	0.020233046	0.309834222	-0.000642857	0	0	0
3672	0.020233046	0.309834222	-0.000642857	0	0	0
3676	0.020233046	0.309834222	-0.000642857	0	0	0
3680	0.020233046	0.309834222	-0.000642857	0	0	0
3684	0.020233046	0.309834222	-0.000642857	0	0	0
3688	0.020233046	0.309834222	-0.000642857	0	0	0
3692	0.020233046	0.309834222	-0.000642857	0	0	0
3696	0.020233046	0.309834222	-0.000642857	0	0	0
3700	0.020233046	0.309834222	-0.000642857	0	0	0
3704	0.020226746	0.309809855	-0.000643885	0	0	0
3708	0.020214927	0.309765291	-0.000645093	0	0	0
3712	0.020199595	0.309700142	-0.000646824	0	0	0
3716	0.020179284	0.309599008	-0.000651166	0	0	0
3720	0.020160747	0.309489705	-0.000655272	0	0	0
3724	0.020141722	0.309373375	-0.00066022	0	0	0
3728	0.020126936	0.309248797	-0.000666963	0	0	0
3732	0.020127044	0.309127575	-0.000673419	0	0	0
3736	0.020137345	0.309022029	-0.000679546	0	0	0
3740	0.020150306	0.308886193	-0.000687555	0	0	0
3744	0.020161362	0.308709228	-0.000698321	0	0	0
3748	0.020168443	0.308490002	-0.000708985	0	0	0
3752	0.020159801	0.308228553	-0.00071919	0	0	0
3756	0.020130811	0.307898123	-0.000738499	0	0	0
3760	0.020081064	0.307528328	-0.000754475	0	0	0
3764	0.020017031	0.307116351	-0.000771193	0	0	0
3768	0.019945224	0.306655827	-0.000782571	0	0	0
3772	0.019866995	0.30614675	-0.000775698	0	0	0
3776	0.01977781	0.305598562	-0.000796482	0	0	0
3780	0.019677453	0.304989356	-0.000805994	0	0	0
3784	0.019560613	0.304320942	-0.000820748	0	0	0
3788	0.019426583	0.303604326	-0.000831369	0	0	0
3792	0.019278936	0.302856202	-0.000842324	0	0	0
3796	0.019118617	0.302070015	-0.000849939	0	0	0
3800	0.018954601	0.301233026	-0.000861806	0	0	0
3804	0.018793261	0.300359208	-0.000865787	0	0	0
3808	0.018634026	0.299450371	-0.000853836	0	0	0
3812	0.018476642	0.298499827	-0.000853027	0	0	0
3816	0.018328077	0.297505554	-0.000837168	0	0	0
3820	0.018183175	0.296460088	-0.000816089	0	0	0
3824	0.018038311	0.295353002	-0.000797013	0	0	0
3828	0.017884272	0.294175347	-0.000779136	0	0	0
3832	0.017726765	0.292955156	-0.000769991	0	0	0
3836	0.017564469	0.29168083	-0.000766025	0	0	0
3840	0.017397369	0.29034727	-0.000771433	0	0	0
3844	0.017225258	0.288959753	-0.000784169	0	0	0
3848	0.017047846	0.287538499	-0.000794593	0	0	0
3852	0.016860869	0.286088454	-0.00081166	0	0	0
3856	0.016665256	0.284595051	-0.000828725	0	0	0
3860	0.016457975	0.283070637	-0.000839768	0	0	0
3864	0.016235708	0.281511809	-0.000863934	0	0	0
3868	0.016006116	0.27989659	-0.000894103	0	0	0
3872	0.015774084	0.278235233	-0.000932269	0	0	0
3876	0.015535924	0.276513942	-0.00096794	0	0	0
3880	0.015284984	0.274750825	-0.001004184	0	0	0
3884	0.015018962	0.272938312	-0.001049893	0	0	0
3888	0.01475493	0.271088459	-0.001069589	0	0	0
3892	0.014495623	0.269204713	-0.001062049	0	0	0
3896	0.014246363	0.267296235	-0.001064837	0	0	0
3900	0.014012874	0.26536313	-0.001065262	0	0	0
3904	0.013790797	0.263397541	-0.001070028	0	0	0
3908	0.013578434	0.261422682	-0.001080652	0	0	0
3912	0.013360307	0.259432512	-0.001103364	0	0	0
3916	0.013137681	0.257416804	-0.001115323	0	0	0
3920	0.01290962	0.255380813	-0.001131244	0	0	0
3924	0.012675206	0.253310116	-0.001129869	0	0	0
3928	0.012427774	0.251208868	-0.001119901	0	0	0
3932	0.01216035	0.249078352	-0.001129794	0	0	0
3936	0.011885556	0.246926261	-0.001140658	0	0	0
3940	0.011598623	0.244740761	-0.001185294	0	0	0
3944	0.011310398	0.242516265	-0.001217783	0	0	0
3948	0.011016143	0.240260045	-0.001259153	0	0	0
3952	0.010721655	0.237985504	-0.001304832	0	0	0
3956	0.010428215	0.235688805	-0.001351495	0	0	0
3960	0.010136318	0.2333714	-0.00141948	0	0	0
3964	0.009853524	0.231043715	-0.001456026	0	0	0
3968	0.009583223	0.228693296	-0.001475506	0	0	0
3972	0.009327527	0.226317016	-0.00146705	0	0	0
3976	0.009089111	0.223919668	-0.001443101	0	0	0
3980	0.008861434	0.221493015	-0.001411308	0	0	0
3984	0.008642237	0.219020763	-0.001366342	0	0	0
3988	0.008426827	0.216522882	-0.001316284	0	0	0
3992	0.008219852	0.214010915	-0.001266486	0	0	0
3996	0.008020977	0.211490266	-0.001223895	0	0	0
4000	0.00783819	0.20896097	-0.001165429	0	0	0
4004	0.007671307	0.206429261	-0.00110543	0	0	0
4008	0.007513416	0.20387923	-0.001068455	0	0	0
4012	0.007363151	0.201319164	-0.001039653	0	0	0
4016	0.007216255	0.198759764	-0.001004371	0	0	0
4020	0.007072228	0.196199846	-0.000968126	0	0	0
4024	0.006927914	0.193644952	-0.000936622	0	0	0
4028	0.006786593	0.191088051	-0.000889925	0	0	0
4032	0.006646993	0.188526755	-0.000843453	0	0	0
4036	0.00651218	0.1859708	-0.000794554	0	0	0
4040	0.006384473	0.183417861	-0.000740132	0	0	0
4044	0.006262046	0.180869199	-0.000687231	0	0	0
4048	0.006148774	0.178326816	-0.000649966	0	0	0
4052	0.006043479	0.175798162	-0.00060534	0	0	0
4056	0.005948592	0.173286828	-0.000561598	0	0	0
4060	0.00586118	0.170796495	-0.000517881	0	0	0
4064	0.005777948	0.168330454	-0.000485513	0	0	0
4068	0.005703962	0.165886047	-0.000447537	0	0	0
4072	0.005641899	0.163469411	-0.000412681	0	0	0
4076	0.00559564	0.161081128	-0.000386197	0	0	0
4080	0.005561095	0.158724467	-0.000356223	0	0	0
4084	0.005534526	0.156396375	-0.000325508	0	0	0
4088	0.005512608	0.154092636	-0.000292277	0	0	0
4092	0.005495104	0.151798045	-0.000259124	0	0	0
4096	0.005480996	0.149501987	-0.000218668	0	0	0
4100	0.005471422	0.147193104	-0.000178143	0	0	0
4104	0.005461818	0.144874302	-0.000142052	0	0	0
4108	0.005448652	0.142541735	-0.000108857	0	0	0
4112	0.005431547	0.140209642	-7.81E-05	0	0	0
4116	0.00540871	0.137885672	-4.91E-05	0	0	0
4120	0.005379548	0.135574923	-1.43E-05	0	0	0
4124	0.005349045	0.13327842	2.40E-05	0	0	0
4128	0.005324185	0.130993979	6.42E-05	0	0	0
4132	0.005313316	0.128719934	9.41E-05	0	0	0
4136	0.005314637	0.126455697	0.00013034	0	0	0
4140	0.005323808	0.124199598	0.00018092	0	0	0
4144	0.005337196	0.121953342	0.000229384	0	0	0
4148	0.005350366	0.119709503	0.000278364	0	0	0
4152	0.005368157	0.117469121	0.000310016	0	0	0
4156	0.005389127	0.115228325	0.000337268	0	0	0
4160	0.005411542	0.112990128	0.000366944	0	0	0
4164	0.005432927	0.110746938	0.0003965	0	0	0
4168	0.005447299	0.108502848	0.000430518	0	0	0
4172	0.005453541	0.106265547	0.000473339	0	0	0
4176	0.005451053	0.104039392	0.000531914	0	0	0
4180	0.005438517	0.101833298	0.000586186	0	0	0
4184	0.005421368	0.099644882	0.000631703	0	0	0
4188	0.005405369	0.097478375	0.000679595	0	0	0
4192	0.0053909	0.095336743	0.000725685	0	0	0
4196	0.005385152	0.093234241	0.000772057	0	0	0
4200	0.005391233	0.091179463	0.000822347	0	0	0
4204	0.005410847	0.089171806	0.000877635	0	0	0
4208	0.005440134	0.087215135	0.00093782	0	0	0
4212	0.005475392	0.085317224	0.000990124	0	0	0
4216	0.005512153	0.083468451	0.001046963	0	0	0
4220	0.005546469	0.081660831	0.001099585	0	0	0
4224	0.00557791	0.079877026	0.001151493	0	0	0
4228	0.005605532	0.078104122	0.001202878	0	0	0
4232	0.00562395	0.076351329	0.001256278	0	0	0
4236	0.005628152	0.074620225	0.001305721	0	0	0
4240	0.005616983	0.072907965	0.001352394	0	0	0
4244	0.005590991	0.07121676	0.001402282	0	0	0
4248	0.005546942	0.069554079	0.00144657	0	0	0
4252	0.00549103	0.067921815	0.001499004	0	0	0
4256	0.005430667	0.066316011	0.001554319	0	0	0
4260	0.005366112	0.064741662	0.001605346	0	0	0
4264	0.005297068	0.063197749	0.001651832	0	0	0
4268	0.005231099	0.061684251	0.001697128	0	0	0
4272	0.005172779	0.060201685	0.001742403	0	0	0
4276	0.005124521	0.058752688	0.001782762	0	0	0
4280	0.005083965	0.057336505	0.00182371	0	0	0
4284	0.005049799	0.055958891	0.001857246	0	0	0
4288	0.005019446	0.054618865	0.001892797	0	0	0
4292	0.004992713	0.053314418	0.001930722	0	0	0
4296	0.004969928	0.052045044	0.001965163	0	0	0
4300	0.004954087	0.050811975	0.002005577	0	0	0
4304	0.004945169	0.049607652	0.002045477	0	0	0
4308	0.004942642	0.048433326	0.002106032	0	0	0
4312	0.004943642	0.04729542	0.002152438	0	0	0
4316	0.004942645	0.046206137	0.002198366	0	0	0
4320	0.004939754	0.045166586	0.002238669	0	0	0
4324	0.00493971	0.044176449	0.002270109	0	0	0
4328	0.0049396	0.043237555	0.002299743	0	0	0
4332	0.004929911	0.042349094	0.00231836	0	0	0
4336	0.004904287	0.041509387	0.002333384	0	0	0
4340	0.004868215	0.040714711	0.002349706	0	0	0
4344	0.004829206	0.039957608	0.002367432	0	0	0
4348	0.004791201	0.039227673	0.002385341	0	0	0
4352	0.004756751	0.038508299	0.002404485	0	0	0
4356	0.004726672	0.037795541	0.002422822	0	0	0
4360	0.004701367	0.037086094	0.002442016	0	0	0
4364	0.004680075	0.036385382	0.00246364	0	0	0
4368	0.004667904	0.035699274	0.002485789	0	0	0
4372	0.004664697	0.035032026	0.002505356	0	0	0
4376	0.004672376	0.034388922	0.002527956	0	0	0
4380	0.004691423	0.033779201	0.002550731	0	0	0
4384	0.004719393	0.033198972	0.002571767	0	0	0
4388	0.004752321	0.032649388	0.002591065	0	0	0
4392	0.004787817	0.032124368	0.002612441	0	0	0
4396	0.004824309	0.031624259	0.002629084	0	0	0
4400	0.004854307	0.031154839	0.002647689	0	0	0
4404	0.004885457	0.03071416	0.002662641	0	0	0
4408	0.00491475	0.030309587	0.002675147	0	0	0
4412	0.004939556	0.029948205	0.00268521	0	0	0
4416	0.004954251	0.0296303	0.002695107	0	0	0
4420	0.004959842	0.02935428	0.002704219	0	0	0
4424	0.004957142	0.029117399	0.002714576	0	0	0
4428	0.004949557	0.02891071	0.002724752	0	0	0
4432	0.004938537	0.028728034	0.002731727	0	0	0
4436	0.004926845	0.028558471	0.002738854	0	0	0
4440	0.004912993	0.028401831	0.002743853	0	0	0
4444	0.004898018	0.028264599	0.002748664	0	0	0
4448	0.004882704	0.028145253	0.002751349	0	0	0
4452	0.004870246	0.028047061	0.002752866	0	0	0
4456	0.004861827	0.02797484	0.002751916	0	0	0
4460	0.004857019	0.027924555	0.002751119	0	0	0
4464	0.004857002	0.027898887	0.002753341	0	0	0
4468	0.004857002	0.027898887	0.002753341	0	0	0
4472	0.004857002	0.027898887	0.002753341	0	0	0
4476	0.004857002	0.027898887	0.002753341	0	0	0
4480	0.004857002	0.027898887	0.002753341	0	0	0
4484	0.004857002	0.027898887	0.002753341	0	0	0
4488	0.004857002	0.027898887	0.002753341	0	0	0
4492	0.004857002	0.027898887	0.002753341	0	0	0
4496	0.004857002	0.027898887	0.002753341	0	0	0
4500	0.004857002	0.027898887	0.002753341	0	0	0
4504	0.004857002	0.027898887	0.002753341	0	0	0
4508	0.004857002	0.027898887	0.002753341	0	0	0
4512	0.004857002	0.027898887	0.002753341	0	0	0
4516	0.004857002	0.027898887	0.002753341	0	0	0
4520	0.004857002	0.027898887	0.002753341	0	0	0
4524	0.004857002	0.027898887	0.002753341	0	0	0
4528	0.004857002	0.027898887	0.002753341	0	0	0
4532	0.004857002	0.027898887	0.002753341	0	0	0
4536	0.004857002	0.027898887	0.002753341	0	0	0
4540	0.004857002	0.027898887	0.002753341	0	0	0
4544	0.004857002	0.027898887	0.002753341	0	0	0
4548	0.004857002	0.027898887	0.002753341	0	0	0
4552	0.004857002	0.027898887	0.002753341	0	0	0
4556	0.004857002	0.027898887	0.002753341	0	0	0
4560	0.004857002	0.027898887	0.002753341	0	0	0
4564	0.004857002	0.027898887	0.002753341	0	0	0
4568	0.004857002	0.027898887	0.002753341	0	0	0
4572	0.004857002	0.027898887	0.002753341	0	0	0
4576	0.004857002	0.027898887	0.002753341	0	0	0
4580	0.004857002	0.027898887	0.002753341	0	0	0
4584	0.004857002	0.027898887	0.002753341	0	0	0
4588	0.004857002	0.027898887	0.002753341	0	0	0
4592	0.004857002	0.027898887	0.002753341	0	0	0
4596	0.004857002	0.027898887	0.002753341	0	0	0
4600	0.004857002	0.027898887	0.002753341	0	0	0
4604	0.004857002	0.027898887	0.002753341	0	0	0
4608	0.004857002	0.027898887	0.002753341	0	0	0
4612	0.004857002	0.027898887	0.002753341	0	0	0
4616	0.004857002	0.027898887	0.002753341	0	0	0
4620	0.004857002	0.027898887	0.002753341	0	0	0
4624	0.004857002	0.027898887	0.002753341	0	0	0
4628	0.004857002	0.027898887	0.002753341	0	0	0
4632	0.004857002	0.027898887	0.002753341	0	0	0
4636	0.004857002	0.027898887	0.002753341	0	0	0
4640	0.004857002	0.027898887	0.002753341	0	0	0
4644	0.004857002	0.027898887	0.002753341	0	0	0
4648	0.004857002	0.027898887	0.002753341	0	0	0
4652	0.004857002	0.027898887	0.002753341	0	0	0
4656	0.004857002	0.027898887	0.002753341	0	0	0
4660	0.004857002	0.027898887	0.002753341	0	0	0
4664	0.004857002	0.027898887	0.002753341	0	0	0
4668	0.004857002	0.027898887	0.002753341	0	0	0
4672	0.004857002	0.027898887	0.002753341	0	0	0
4676	0.004857002	0.027898887	0.002753341	0	0	0
4680	0.004857002	0.027898887	0.002753341	0	0	0
4684	0.004857002	0.027898887	0.002753341	0	0	0
4688	0.004857002	0.027898887	0.002753341	0	0	0
4692	0.004857002	0.027898887	0.002753341	0	0	0
4696	0.004857002	0.027898887	0.002753341	0	0	0
4700	0.004857002	0.027898887	0.002753341	0	0	0
4704	0.004857002	0.027898887	0.002753341	0	0	0
4708	0.004857002	0.027898887	0.002753341	0	0	0
4712	0.004857002	0.027898887	0.002753341	0	0	0
4716	0.004857002	0.027898887	0.002753341	0	0	0
4720	0.004857002	0.027898887	0.002753341	0	0	0
4724	0.004857002	0.027898887	0.002753341	0	0	0
4728	0.004857002	0.027898887	0.002753341	0	0	0
4732	0.004857002	0.027898887	0.002753341	0	0	0
4736	0.004857002	0.027898887	0.002753341	0	0	0
4740	0.004857002	0.027898887	0.002753341	0	0	0
4744	0.004857002	0.027898887	0.002753341	0	0	0
4748	0.004857002	0.027898887	0.002753341	0	0	0
4752	0.004857002	0.027898887	0.002753341	0	0	0
4756	0.004857002	0.027898887	0.002753341	0	0	0
4760	0.004857002	0.027898887	0.002753341	0	0	0
4764	0.004857002	0.027898887	0.002753341	0	0	0
4768	0.004857002	0.027898887	0.002753341	0	0	0
4772	0.004857002	0.027898887	0.002753341	0	0	0
4776	0.004857002	0.027898887	0.002753341	0	0	0
4780	0.004857002	0.027898887	0.002753341	0	0	0
4784	0.004857002	0.027898887	0.002753341	0	0	0
4788	0.004857002	0.027898887	0.002753341	0	0	0
4792	0.004857002	0.027898887	0.002753341	0	0	0
4796	0.004857002	0.027898887	0.002753341	0	0	0
4800	0.004857002	0.027898887	0.002753341	0	0	0
4804	0.004857002	0.027898887	0.002753341	0	0	0
4808	0.004857002	0.027898887	0.002753341	0	0	0
4812	0.004857002	0.027898887	0.002753341	0	0	0
4816	0.004857002	0.027898887	0.002753341	0	0	0
4820	0.004857002	0.027898887	0.002753341	0	0	0
4824	0.004857002	0.027898887	0.002753341	0	0	0
4828	0.004857002	0.027898887	0.002753341	0	0	0
4832	0.004857002	0.027898887	0.002753341	0	0	0
4836	0.004857002	0.027898887	0.002753341	0	0	0
4840	0.004857002	0.027898887	0.002753341	0	0	0
4844	0.004857002	0.027898887	0.002753341	0	0	0
4848	0.004857002	0.027898887	0.002753341	0	0	0
4852	0.004857002	0.027898887	0.002753341	0	0	0
4856	0.004857002	0.027898887	0.002753341	0	0	0
4860	0.004857002	0.027898887	0.002753341	0	0	0
4864	0.004857002	0.027898887	0.002753341	0	0	0
4868	0.004857002	0.027898887	0.002753341	0	0	0
4872	0.004857002	0.027898887	0.002753341	0	0	0
4876	0.004857002	0.027898887	0.002753341	0	0	0
4880	0.004857002	0.027898887	0.002753341	0	0	0
4884	0.004857002	0.027898887	0.002753341	0	0	0
4888	0.004857002	0.027898887	0.002753341	0	0	0
4892	0.004857002	0.027898887	0.002753341	0	0	0
4896	0.004857002	0.027898887	0.002753341	0	0	0
4900	0.004857002	0.027898887	0.002753341	0	0	0
4904	0.004857002	0.027898887	0.002753341	0	0	0
4908	0.004857002	0.027898887	0.002753341	0	0	0
4912	0.004857002	0.027898887	0.002753341	0	0	0
4916	0.004857002	0.027898887	0.002753341	0	0	0
4920	0.004857002	0.027898887	0.002753341	0	0	0
4924	0.004857002	0.027898887	0.002753341	0	0	0
4928	0.004857002	0.027898887	0.002753341	0	0	0
4932	0.004857002	0.027898887	0.002753341	0	0	0
4936	0.004857002	0.027898887	0.002753341	0	0	0
4940	0.004857002	0.027898887	0.002753341	0	0	0
4944	0.004857002	0.027898887	0.002753341	0	0	0
4948	0.004857002	0.027898887	0.002753341	0	0	0
4952	0.004857002	0.027898887	0.002753341	0	0	0
4956	0.004857002	0.027898887	0.002753341	0	0	0
4960	0.004857002	0.027898887	0.002753341	0	0	0
4964	0.004857002	0.027898887	0.002753341	0	0	0
4968	0.004857002	0.027898887	0.002753341	0	0	0
4972	0.004857002	0.027898887	0.002753341	0	0	0
4976	0.004857002	0.027898887	0.002753341	0	0	0
4980	0.004857002	0.027898887	0.002753341	0	0	0
4984	0.004857002	0.027898887	0.002753341	0	0	0
4988	0.004857002	0.027898887	0.002753341	0	0	0
4992	0.004857002	0.027898887	0.002753341	0	0	0
4996	0.004857002	0.027898887	0.002753341	0	0	0
5000	0.004857002	0.027898887	0.002753341	0	0	0
5004	0.004857002	0.027898887	0.002753341	0	0	0
5008	0.004857002	0.027898887	0.002753341	0	0	0
5012	0.004857002	0.027898887	0.002753341	0	0	0
5016	0.004857002	0.027898887	0.002753341	0	0	0
5020	0.004857002	0.027898887	0.002753341	0	0	0
5024	0.004857002	0.027898887	0.002753341	0	0	0
5028	0.004857002	0.027898887	0.002753341	0	0	0
5032	0.004857002	0.027898887	0.002753341	0	0	0
5036	0.004857002	0.027898887	0.002753341	0	0	0
5040	0.004857002	0.027898887	0.002753341	0	0	0
5044	0.004857002	0.027898887	0.002753341	0	0	0
5048	0.004857002	0.027898887	0.002753341	0	0	0
5052	0.004857002	0.027898887	0.002753341	0	0	0
5056	0.004857002	0.027898887	0.002753341	0	0	0
5060	0.004857002	0.027898887	0.002753341	0	0	0
5064	0.004857002	0.027898887	0.002753341	0	0	0
5068	0.004857002	0.027898887	0.002753341	0	0	0
5072	0.004857002	0.027898887	0.002753341	0	0	0
5076	0.004857002	0.027898887	0.002753341	0	0	0
5080	0.004857002	0.027898887	0.002753341	0	0	0
5084	0.004857002	0.027898887	0.002753341	0	0	0
5088	0.004857002	0.027898887	0.002753341	0	0	0
5092	0.004857002	0.027898887	0.002753341	0	0	0
5096	0.004857002	0.027898887	0.002753341	0	0	0
5100	0.004857002	0.027898887	0.002753341	0	0	0
5104	0.004857002	0.027898887	0.002753341	0	0	0
5108	0.004857002	0.027898887	0.002753341	0	0	0
5112	0.004857002	0.027898887	0.002753341	0	0	0
5116	0.004857002	0.027898887	0.002753341	0	0	0
5120	0.004857002	0.027898887	0.002753341	0	0	0
5124	0.004857002	0.027898887	0.002753341	0	0	0
5128	0.004857002	0.027898887	0.002753341	0	0	0
5132	0.004857002	0.027898887	0.002753341	0	0	0
5136	0.004857002	0.027898887	0.002753341	0	0	0
5140	0.004857002	0.027898887	0.002753341	0	0	0
5144	0.004857002	0.027898887	0.002753341	0	0	0
5148	0.004857002	0.027898887	0.002753341	0	0	0
5152	0.004857002	0.027898887	0.002753341	0	0	0
5156	0.004857002	0.027898887	0.002753341	0	0	0
5160	0.004857002	0.027898887	0.002753341	0	0	0
5164	0.004857002	0.027898887	0.002753341	0	0	0
5168	0.004857002	0.027898887	0.002753341	0	0	0
5172	0.004857002	0.027898887	0.002753341	0	0	0
5176	0.004857002	0.027898887	0.002753341	0	0	0
5180	0.004857002	0.027898887	0.002753341	0	0	0
5184	0.004857002	0.027898887	0.002753341	0	0	0
5188	0.004857002	0.027898887	0.002753341	0	0	0
5192	0.004857002	0.027898887	0.002753341	0	0	0
5196	0.004857002	0.027898887	0.002753341	0	0	0
5200	0.004857002	0.027898887	0.002753341	0	0	0
5204	0.004857002	0.027898887	0.002753341	0	0	0
5208	0.004857002	0.027898887	0.002753341	0	0	0
5212	0.004857002	0.027898887	0.002753341	0	0	0
5216	0.004857002	0.027898887	0.002753341	0	0	0
5220	0.004857002	0.027898887	0.002753341	0	0	0
5224	0.004857002	0.027898887	0.002753341	0	0	0
5228	0.004857002	0.027898887	0.002753341	0	0	0
5232	0.004857002	0.027898887	0.002753341	0	0	0
5236	0.004857002	0.027898887	0.002753341	0	0	0
5240	0.004857002	0.027898887	0.002753341	0	0	0
5244	0.004857002	0.027898887	0.002753341	0	0	0
5248	0.004857002	0.027898887	0.002753341	0	0	0
5252	0.004857002	0.027898887	0.002753341	0	0	0
5256	0.004857002	0.027898887	0.002753341	0	0	0
5260	0.004857002	0.027898887	0.002753341	0	0	0
5264	0.004857002	0.027898887	0.002753341	0	0	0
5268	0.004857002	0.027898887	0.002753341	0	0	0
5272	0.004857002	0.027898887	0.002753341	0	0	0
5276	0.004857002	0.027898887	0.002753341	0	0	0
5280	0.004857002	0.027898887	0.002753341	0	0	0
5284	0.004857002	0.027898887	0.002753341	0	0	0
5288	0.004857002	0.027898887	0.002753341	0	0	0
5292	0.004857002	0.027898887	0.002753341	0	0	0
5296	0.004857002	0.027898887	0.002753341	0	0	0
5300	0.004857002	0.027898887	0.002753341	0	0	0
5304	0.004857002	0.027898887	0.002753341	0	0	0
5308	0.004857002	0.027898887	0.002753341	0	0	0
5312	0.004857002	0.027898887	0.002753341	0	0	0
5316	0.004857002	0.027898887	0.002753341	0	0	0
5320	0.004857002	0.027898887	0.002753341	0	0	0
5324	0.004857002	0.027898887	0.002753341	0	0	0
5328	0.004857002	0.027898887	0.002753341	0	0	0
5332	0.004857002	0.027898887	0.002753341	0	0	0
5336	0.004857002	0.027898887	0.002753341	0	0	0
5340	0.004857002	0.027898887	0.002753341	0	0	0
5344	0.004857002	0.027898887	0.002753341	0	0	0
5348	0.004857002	0.027898887	0.002753341	0	0	0
5352	0.004857002	0.027898887	0.002753341	0	0	0
5356	0.004857002	0.027898887	0.002753341	0	0	0
5360	0.004857002	0.027898887	0.002753341	0	0	0
5364	0.004857002	0.027898887	0.002753341	0	0	0
5368	0.004857002	0.027898887	0.002753341	0	0	0
5372	0.004857002	0.027898887	0.002753341	0	0	0
5376	0.004857002	0.027898887	0.002753341	0	0	0
5380	0.004857002	0.027898887	0.002753341	0	0	0
5384	0.004857002	0.027898887	0.002753341	0	0	0
5388	0.004857002	0.027898887	0.002753341	0	0	0
5392	0.004857002	0.027898887	0.002753341	0	0	0
5396	0.004857002	0.027898887	0.002753341	0	0	0
5400	0.004857002	0.027898887	0.002753341	0	0	0
5404	0.004857002	0.027898887	0.002753341	0	0	0
5408	0.004857002	0.027898887	0.002753341	0	0	0
5412	0.004857002	0.027898887	0.002753341	0	0	0
5416	0.004857002	0.027898887	0.002753341	0	0	0
5420	0.004857002	0.027898887	0.002753341	0	0	0
5424	0.004857002	0.027898887	0.002753341	0	0	0
5428	0.004857002	0.027898887	0.002753341	0	0	0
5432	0.004857002	0.027898887	0.002753341	0	0	0
5436	0.004857002	0.027898887	0.002753341	0	0	0
5440	0.004857002	0.027898887	0.002753341	0	0	0
5444	0.004857002	0.027898887	0.002753341	0	0	0
5448	0.004857002	0.027898887	0.002753341	0	0	0
5452	0.004857002	0.027898887	0.002753341	0	0	0
5456	0.004857002	0.027898887	0.002753341	0	0	0
5460	0.004857002	0.027898887	0.002753341	0	0	0
5464	0.004857002	0.027898887	0.002753341	0	0	0
5468	0.004857002	0.027898887	0.002753341	0	0	0
5472	0.004857002	0.027898887	0.002753341	0	0	0
5476	0.004857002	0.027898887	0.002753341	0	0	0
5480	0.004857002	0.027898887	0.002753341	0	0	0
5484	0.004857002	0.027898887	0.002753341	0	0	0
5488	0.004857002	0.027898887	0.002753341	0	0	0
5492	0.004857002	0.027898887	0.002753341	0	0	0
5496	0.004857002	0.027898887	0.002753341	0	0	0
5500	0.004857002	0.027898887	0.002753341	0	0	0
5504	0.004857002	0.027898887	0.002753341	0	0	0
5508	0.004857002	0.027898887	0.002753341	0	0	0
5512	0.004857002	0.027898887	0.002753341	0	0	0
5516	0.004857002	0.027898887	0.002753341	0	0	0
5520	0.004857002	0.027898887	0.002753341	0	0	0
5524	0.004857002	0.027898887	0.002753341	0	0	0
5528	0.004857002	0.027898887	0.002753341	0	0	0
5532	0.004857002	0.027898887	0.002753341	0	0	0
5536	0.004857002	0.027898887	0.002753341	0	0	0
5540	0.004857002	0.027898887	0.002753341	0	0	0
5544	0.004857002	0.027898887	0.002753341	0	0	0
5548	0.004857002	0.027898887	0.002753341	0	0	0
5552	0.004857002	0.027898887	0.002753341	0	0	0
5556	0.004857002	0.027898887	0.002753341	0	0	0
5560	0.004857002	0.027898887	0.002753341	0	0	0
5564	0.004857002	0.027898887	0.002753341	0	0	0
5568	0.004857002	0.027898887	0.002753341	0	0	0
5572	0.004857002	0.027898887	0.002753341	0	0	0
5576	0.004857002	0.027898887	0.002753341	0	0	0
5580	0.004857002	0.027898887	0.002753341	0	0	0
5584	0.004857002	0.027898887	0.002753341	0	0	0
5588	0.004857002	0.027898887	0.002753341	0	0	0
5592	0.004857002	0.027898887	0.002753341	0	0	0
5596	0.004857002	0.027898887	0.002753341	0	0	0
5600	0.004857002	0.027898887	0.002753341	0	0	0
5604	0.004857002	0.027898887	0.002753341	0	0	0
5608	0.004857002	0.027898887	0.002753341	0	0	0
5612	0.004857002	0.027898887	0.002753341	0	0	0
5616	0.004857002	0.027898887	0.002753341	0	0	0
5620	0.004857002	0.027898887	0.002753341	0	0	0
5624	0.004857002	0.027898887	0.002753341	0	0	0
5628	0.004857002	0.027898887	0.002753341	0	0	0
5632	0.004857002	0.027898887	0.002753341	0	0	0
5636	0.004857002	0.027898887	0.002753341	0	0	0
5640	0.004857002	0.027898887	0.002753341	0	0	0
5644	0.004857002	0.027898887	0.002753341	0	0	0
5648	0.004857002	0.027898887	0.002753341	0	0	0
5652	0.004857002	0.027898887	0.002753341	0	0	0
5656	0.004857002	0.027898887	0.002753341	0	0	0
5660	0.004857002	0.027898887	0.002753341	0	0	0
5664	0.004857002	0.027898887	0.002753341	0	0	0
5668	0.004857002	0.027898887	0.002753341	0	0	0
5672	0.004857002	0.027898887	0.002753341	0	0	0
5676	0.004857002	0.027898887	0.002753341	0	0	0
5680	0.004857002	0.027898887	0.002753341	0	0	0
5684	0.004857002	0.027898887	0.002753341	0	0	0
5688	0.004857002	0.027898887	0.002753341	0	0	0
5692	0.004857002	0.027898887	0.002753341	0	0	0
5696	0.004857002	0.027898887	0.002753341	0	0	0
5700	0.004857002	0.027898887	0.002753341	0	0	0
5704	0.004857002	0.027898887	0.002753341	0	0	0
5708	0.004857002	0.027898887	0.002753341	0	0	0
5712	0.004857002	0.027898887	0.002753341	0	0	0
5716	0.004857002	0.027898887	0.002753341	0	0	0
5720	0.004857002	0.027898887	0.002753341	0	0	0
5724	0.004857002	0.027898887	0.002753341	0	0	0
5728	0.004857002	0.027898887	0.002753341	0	0	0
5732	0.004857002	0.027898887	0.002753341	0	0	0
5736	0.004857002	0.027898887	0.002753341	0	0	0
5740	0.004857002	0.027898887	0.002753341	0	0	0
5744	0.004857002	0.027898887	0.002753341	0	0	0
5748	0.004857002	0.027898887	0.002753341	0	0	0
5752	0.004857002	0.027898887	0.002753341	0	0	0
5756	0.004857002	0.027898887	0.002753341	0	0	0
5760	0.004857002	0.027898887	0.002753341	0	0	0
5764	0.004857002	0.027898887	0.002753341	0	0	0
5768	0.004857002	0.027898887	0.002753341	0	0	0
5772	0.004857002	0.027898887	0.002753341	0	0	0
5776	0.004857002	0.027898887	0.002753341	0	0	0
5780	0.004857002	0.027898887	0.002753341	0	0	0
5784	0.004857002	0.027898887	0.002753341	0	0	0
5788	0.004857002	0.027898887	0.002753341	0	0	0
5792	0.004857002	0.027898887	0.002753341	0	0	0
5796	0.004857002	0.027898887	0.002753341	0	0	0
5800	0.004857002	0.027898887	0.002753341	0	0	0
5804	0.004857002	0.027898887	0.002753341	0	0	0
5808	0.004857002	0.027898887	0.002753341	0	0	0
5812	0.004857002	0.027898887	0.002753341	0	0	0
5816	0.004857002	0.027898887	0.002753341	0	0	0
5820	0.004857002	0.027898887	0.002753341	0	0	0
5824	0.004857002	0.027898887	0.002753341	0	0	0
5828	0.004857002	0.027898887	0.002753341	0	0	0
5832	0.004857002	0.027898887	0.002753341	0	0	0
5836	0.004857002	0.027898887	0.002753341	0	0	0
5840	0.004857002	0.027898887	0.002753341	0	0	0
5844	0.004857002	0.027898887	0.002753341	0	0	0
5848	0.004857002	0.027898887	0.002753341	0	0	0
5852	0.004857002	0.027898887	0.002753341	0	0	0
5856	0.004857002	0.027898887	0.002753341	0	0	0
5860	0.004857002	0.027898887	0.002753341	0	0	0
5864	0.004857002	0.027898887	0.002753341	0	0	0
5868	0.004857002	0.027898887	0.002753341	0	0	0
5872	0.004857002	0.027898887	0.002753341	0	0	0
5876	0.004857002	0.027898887	0.002753341	0	0	0
5880	0.004857002	0.027898887	0.002753341	0	0	0
5884	0.004857002	0.027898887	0.002753341	0	0	0
5888	0.004857002	0.027898887	0.002753341	0	0	0
5892	0.004857002	0.027898887	0.002753341	0	0	0
5896	0.004857002	0.027898887	0.002753341	0	0	0
5900	0.004857002	0.027898887	0.002753341	0	0	0
5904	0.004857002	0.027898887	0.002753341	0	0	0
5908	0.004857002	0.027898887	0.002753341	0	0	0
5912	0.004857002	0.027898887	0.002753341	0	0	0
5916	0.004857002	0.027898887	0.002753341	0	0	0
5920	0.004857002	0.027898887	0.002753341	0	0	0
5924	0.004857002	0.027898887	0.002753341	0	0	0
5928	0.004857002	0.027898887	0.002753341	0	0	0
5932	0.004857002	0.027898887	0.002753341	0	0	0
5936	0.004857002	0.027898887	0.002753341	0	0	0
5940	0.004857002	0.027898887	0.002753341	0	0	0
5944	0.004857002	0.027898887	0.002753341	0	0	0
5948	0.004857002	0.027898887	0.002753341	0	0	0
5952	0.004857002	0.027898887	0.002753341	0	0	0
5956	0.004857002	0.027898887	0.002753341	0	0	0
5960	0.004857002	0.027898887	0.002753341	0	0	0
5964	0.004857002	0.027898887	0.002753341	0	0	0
5968	0.004857002	0.027898887	0.002753341	0	0	0
5972	0.004857002	0.027898887	0.002753341	0	0	0
5976	0.004857002	0.027898887	0.002753341	0	0	0
5980	0.004857002	0.027898887	0.002753341	0	0	0
5984	0.004857002	0.027898887	0.002753341	0	0	0
5988	0.004857002	0.027898887	0.002753341	0	0	0
5992	0.004857002	0.027898887	0.002753341	0	0	0
5996	0.004857002	0.027898887	0.002753341	0	0	0
6000	0.004857002	0.027898887	0.002753341	0	0	0
6004	0.004857002	0.027898887	0.002753341	0	0	0
6008	0.004857002	0.027898887	0.002753341	0	0	0
6012	0.004857002	0.027898887	0.002753341	0	0	0
6016	0.004857002	0.027898887	0.002753341	0	0	0
6020	0.004857002	0.027898887	0.002753341	0	0	0
6024	0.004857002	0.027898887	0.002753341	0	0	0
6028	0.004857002	0.027898887	0.002753341	0	0	0
6032	0.004857002	0.027898887	0.002753341	0	0	0
6036	0.004857002	0.027898887	0.002753341	0	0	0
6040	0.004857002	0.027898887	0.002753341	0	0	0
6044	0.004857002	0.027898887	0.002753341	0	0	0
6048	0.004857002	0.027898887	0.002753341	0	0	0
6052	0.004857002	0.027898887	0.002753341	0	0	0
6056	0.004857002	0.027898887	0.002753341	0	0	0
6060	0.004857002	0.027898887	0.002753341	0	0	0
6064	0.004857002	0.027898887	0.002753341	0	0	0
6068	0.004857002	0.027898887	0.002753341	0	0	0
6072	0.004857002	0.027898887	0.002753341	0	0	0
6076	0.004857002	0.027898887	0.002753341	0	0	0
6080	0.004857002	0.027898887	0.002753341	0	0	0
6084	0.004857002	0.027898887	0.002753341	0	0	0
6088	0.004857002	0.027898887	0.002753341	0	0	0
6092	0.004857002	0.027898887	0.002753341	0	0	0
6096	0.004857002	0.027898887	0.002753341	0	0	0
6100	0.004857002	0.027898887	0.002753341	0	0	0
6104	0.004857002	0.027898887	0.002753341	0	0	0
6108	0.004857002	0.027898887	0.002753341	0	0	0
6112	0.004857002	0.027898887	0.002753341	0	0	0
6116	0.004857002	0.027898887	0.002753341	0	0	0
6120	0.004857002	0.027898887	0.002753341	0	0	0
6124	0.004857002	0.027898887	0.002753341	0	0	0
6128	0.004857002	0.027898887	0.002753341	0	0	0
6132	0.004857002	0.027898887	0.002753341	0	0	0
6136	0.004857002	0.027898887	0.002753341	0	0	0
6140	0.004857002	0.027898887	0.002753341	0	0	0
6144	0.004857002	0.027898887	0.002753341	0	0	0
6148	0.004857002	0.027898887	0.002753341	0	0	0
6152	0.004857002	0.027898887	0.002753341	0	0	0
6156	0.004857002	0.027898887	0.002753341	0	0	0
6160	0.004857002	0.027898887	0.002753341	0	0	0
6164	0.004857002	0.027898887	0.002753341	0	0	0
6168	0.004857002	0.027898887	0.002753341	0	0	0
6172	0.004857002	0.027898887	0.002753341	0	0	0
6176	0.004857002	0.027898887	0.002753341	0	0	0
6180	0.004857002	0.027898887	0.002753341	0	0	0
6184	0.004857002	0.027898887	0.002753341	0	0	0
6188	0.004857002	0.027898887	0.002753341	0	0	0
6192	0.004857002	0.027898887	0.002753341	0	0	0
6196	0.004857002	0.027898887	0.002753341	0	0	0
6200	0.004857002	0.027898887	0.002753341	0	0	0
6204	0.004857002	0.027898887	0.002753341	0	0	0
6208	0.004857002	0.027898887	0.002753341	0	0	0
6212	0.004857002	0.027898887	0.002753341	0	0	0
6216	0.004857002	0.027898887	0.002753341	0	0	0
6220	0.004857002	0.027898887	0.002753341	0	0	0
6224	0.004857002	0.027898887	0.002753341	0	0	0
6228	0.004857002	0.027898887	0.002753341	0	0	0
6232	0.004857002	0.027898887	0.002753341	0	0	0
6236	0.004857002	0.027898887	0.002753341	0	0	0
6240	0.004857002	0.027898887	0.002753341	0	0	0
6244	0.004857002	0.027898887	0.002753341	0	0	0
6248	0.004857002	0.027898887	0.002753341	0	0	0
6252	0.004857002	0.027898887	0.002753341	0	0	0
6256	0.004857002	0.027898887	0.002753341	0	0	0
6260	0.004857002	0.027898887	0.002753341	0	0	0
6264	0.004857002	0.027898887	0.002753341	0	0	0
6268	0.004857002	0.027898887	0.002753341	0	0	0
6272	0.004857002	0.027898887	0.002753341	0	0	0
6276	0.004857002	0.027898887	0.002753341	0	0	0
6280	0.004857006	0.027898606	0.002753928	0	0	0
6284	0.004857009	0.027897946	0.002754367	0	0	0
6288	0.004856549	0.027897018	0.002754659	0	0	0
6292	0.004855854	0.02789606	0.00275517	0	0	0
6296	0.004855182	0.02789543	0.002755656	0	0	0
6300	0.004854072	0.027895267	0.002756361	0	0	0
6304	0.004852525	0.02789557	0.002756919	0	0	0
6308	0.004850527	0.027895968	0.002757697	0	0	0
6312	0.004848529	0.02789598	0.002757738	0	0	0
6316	0.004847008	0.027895223	0.002756333	0	0	0
6320	0.004845965	0.027893697	0.002753481	0	0	0
6324	0.004845049	0.027891782	0.002748815	0	0	0
6328	0.004843592	0.027890577	0.002745569	0	0	0
6332	0.004841022	0.027891153	0.002747812	0	0	0
6336	0.004837693	0.027893152	0.002753851	0	0	0
6340	0.004833933	0.027895489	0.002760111	0	0	0
6344	0.004830874	0.027896926	0.002764678	0	0	0
6348	0.004828281	0.027897106	0.002766819	0	0	0
6352	0.004826752	0.027896377	0.002767513	0	0	0
6356	0.004825927	0.027894994	0.00276676	0	0	0
6360	0.004825495	0.027893925	0.002765026	0	0	0
6364	0.004824862	0.027893653	0.002762311	0	0	0
6368	0.004823822	0.027894552	0.002760527	0	0	0
6372	0.004822265	0.027896866	0.00276004	0	0	0
6376	0.004820188	0.027900348	0.002762272	0	0	0
6380	0.004818177	0.027904976	0.002767713	0	0	0
6384	0.00481669	0.027909899	0.002774084	0	0	0
6388	0.004815913	0.027914159	0.002779963	0	0	0
6392	0.004816194	0.027917258	0.002783661	0	0	0
6396	0.004817521	0.027918853	0.002785299	0	0	0
6400	0.004819914	0.027919531	0.002786544	0	0	0
6404	0.004823496	0.027919289	0.002787396	0	0	0
6408	0.004828284	0.027918615	0.0027881	0	0	0
6412	0.004834269	0.027917262	0.002788312	0	0	0
6416	0.004841339	0.027915476	0.00278813	0	0	0
6420	0.004848917	0.027913615	0.002786502	0	0	0
6424	0.004856054	0.027911829	0.002781737	0	0	0
6428	0.004862655	0.027910825	0.002774791	0	0	0
6432	0.004868153	0.027911696	0.002767819	0	0	0
6436	0.004871743	0.027915071	0.002764646	0	0	0
6440	0.004873562	0.027921057	0.002767304	0	0	0
6444	0.004873957	0.027928897	0.002773417	0	0	0
6448	0.00487326	0.027938109	0.002780462	0	0	0
6452	0.004872145	0.027946881	0.002785325	0	0	0
6456	0.004871049	0.027954463	0.002787417	0	0	0
6460	0.004870782	0.027960117	0.002788406	0	0	0
6464	0.004871711	0.02796383	0.002789368	0	0	0
6468	0.004873857	0.027966186	0.00279175	0	0	0
6472	0.004877098	0.027967186	0.002793639	0	0	0
6476	0.004880731	0.027966974	0.002794082	0	0	0
6480	0.00488383	0.027966309	0.002793788	0	0	0
6484	0.004885799	0.027965549	0.00279276	0	0	0
6488	0.004886661	0.027965176	0.002792417	0	0	0
6492	0.004886661	0.027965176	0.002792417	0	0	0
6496	0.004886661	0.027965176	0.002792417	0	0	0
6500	0.004886661	0.027965176	0.002792417	0	0	0
6504	0.004886661	0.027965176	0.002792417	0	0	0
6508	0.004886661	0.027965176	0.002792417	0	0	0
6512	0.004886661	0.027965176	0.002792417	0	0	0
6516	0.004886661	0.027965176	0.002792417	0	0	0
6520	0.004886661	0.027965176	0.002792417	0	0	0
6524	0.004886661	0.027965176	0.002792417	0	0	0
6528	0.004886661	0.027965176	0.002792417	0	0	0
6532	0.004886661	0.027965176	0.002792417	0	0	0
6536	0.004886661	0.027965176	0.002792417	0	0	0
6540	0.004886661	0.027965176	0.002792417	0	0	0
6544	0.004886661	0.027965176	0.002792417	0	0	0
6548	0.004886661	0.027965176	0.002792417	0	0	0
6552	0.004886661	0.027965176	0.002792417	0	0	0
6556	0.004886661	0.027965176	0.002792417	0	0	0
6560	0.004886661	0.027965176	0.002792417	0	0	0
6564	0.004886661	0.027965176	0.002792417	0	0	0
6568	0.004886661	0.027965176	0.002792417	0	0	0
6572	0.004886661	0.027965176	0.002792417	0	0	0
6576	0.004886661	0.027965176	0.002792417	0	0	0
6580	0.004886661	0.027965176	0.002792417	0	0	0
6584	0.004886661	0.027965176	0.002792417	0	0	0
6588	0.004886661	0.027965176	0.002792417	0	0	0
6592	0.004886661	0.027965176	0.002792417	0	0	0
6596	0.004886661	0.027965176	0.002792417	0	0	0
6600	0.004886661	0.027965176	0.002792417	0	0	0
6604	0.004886661	0.027965176	0.002792417	0	0	0
6608	0.004886661	0.027965176	0.002792417	0	0	0
6612	0.004886661	0.027965176	0.002792417	0	0	0
6616	0.004886661	0.027965176	0.002792417	0	0	0
6620	0.004886661	0.027965176	0.002792417	0	0	0
6624	0.004886661	0.027965176	0.002792417	0	0	0
6628	0.004886661	0.027965176	0.002792417	0	0	0
6632	0.004886661	0.027965176	0.002792417	0	0	0
6636	0.004886661	0.027965176	0.002792417	0	0	0
6640	0.004886661	0.027965176	0.002792417	0	0	0
6644	0.004886661	0.027965176	0.002792417	0	0	0
6648	0.004886661	0.027965176	0.002792417	0	0	0
6652	0.004886661	0.027965176	0.002792417	0	0	0
6656	0.004886661	0.027965176	0.002792417	0	0	0
6660	0.004886661	0.027965176	0.002792417	0	0	0
6664	0.004886661	0.027965176	0.002792417	0	0	0
6668	0.004886661	0.027965176	0.002792417	0	0	0
6672	0.004886661	0.027965176	0.002792417	0	0	0
6676	0.004886661	0.027965176	0.002792417	0	0	0
6680	0.004886661	0.027965176	0.002792417	0	0	0
6684	0.004886661	0.027965176	0.002792417	0	0	0
6688	0.004886661	0.027965176	0.002792417	0	0	0
6692	0.004886661	0.027965176	0.002792417	0	0	0
6696	0.004886661	0.027965176	0.002792417	0	0	0
6700	0.004886661	0.027965176	0.002792417	0	0	0
6704	0.004886661	0.027965176	0.002792417	0	0	0
6708	0.004886661	0.027965176	0.002792417	0	0	0
6712	0.004886661	0.027965176	0.002792417	0	0	0
6716	0.004886661	0.027965176	0.002792417	0	0	0
6720	0.004886661	0.027965176	0.002792417	0	0	0
6724	0.004886661	0.027965176	0.002792417	0	0	0
6728	0.004886661	0.027965176	0.002792417	0	0	0
6732	0.004886661	0.027965176	0.002792417	0	0	0
6736	0.004886661	0.027965176	0.002792417	0	0	0
6740	0.004886661	0.027965176	0.002792417	0	0	0
6744	0.004886661	0.027965176	0.002792417	0	0	0
6748	0.004886661	0.027965176	0.002792417	0	0	0
6752	0.004886661	0.027965176	0.002792417	0	0	0
6756	0.004886661	0.027965176	0.002792417	0	0	0
6760	0.004886661	0.027965176	0.002792417	0	0	0
6764	0.004886661	0.027965176	0.002792417	0	0	0
6768	0.004886661	0.027965176	0.002792417	0	0	0
6772	0.004886661	0.027965176	0.002792417	0	0	0
6776	0.004886661	0.027965176	0.002792417	0	0	0
6780	0.004886661	0.027965176	0.002792417	0	0	0
6784	0.004886661	0.027965176	0.002792417	0	0	0
6788	0.004886661	0.027965176	0.002792417	0	0	0
6792	0.004886661	0.027965176	0.002792417	0	0	0
6796	0.004886661	0.027965176	0.002792417	0	0	0
6800	0.004886661	0.027965176	0.002792417	0	0	0
6804	0.004886661	0.027965176	0.002792417	0	0	0
6808	0.004886661	0.027965176	0.002792417	0	0	0
6812	0.004886661	0.027965176	0.002792417	0	0	0
6816	0.004886661	0.027965176	0.002792417	0	0	0
6820	0.004886661	0.027965176	0.002792417	0	0	0
6824	0.004886661	0.027965176	0.002792417	0	0	0
6828	0.004886661	0.027965176	0.002792417	0	0	0
6832	0.004886661	0.027965176	0.002792417	0	0	0
6836	0.004886661	0.027965176	0.002792417	0	0	0
6840	0.004886661	0.027965176	0.002792417	0	0	0
6844	0.004886661	0.027965176	0.002792417	0	0	0
6848	0.004886661	0.027965176	0.002792417	0	0	0
6852	0.004886661	0.027965176	0.002792417	0	0	0
6856	0.004886661	0.027965176	0.002792417	0	0	0
6860	0.004886661	0.027965176	0.002792417	0	0	0
6864	0.004886661	0.027965176	0.002792417	0	0	0
6868	0.004886661	0.027965176	0.002792417	0	0	0
6872	0.004886661	0.027965176	0.002792417	0	0	0
6876	0.004886661	0.027965176	0.002792417	0	0	0
6880	0.004886661	0.027965176	0.002792417	0	0	0
6884	0.004886661	0.027965176	0.002792417	0	0	0
6888	0.004887798	0.027964707	0.002792254	0	0	0
6892	0.004890307	0.027963393	0.002794306	0	0	0
6896	0.004892996	0.027961643	0.002793672	0	0	0
6900	0.004896492	0.027959776	0.002793831	0	0	0
6904	0.004900041	0.02795723	0.002794171	0	0	0
6908	0.004903079	0.027954733	0.002794595	0	0	0
6912	0.004905852	0.027952274	0.002797724	0	0	0
6916	0.004907999	0.02795011	0.002798169	0	0	0
6920	0.004909186	0.027949086	0.002800118	0	0	0
6924	0.004909186	0.027949086	0.002800118	0	0	0
6928	0.004909186	0.027949086	0.002800118	0	0	0
6932	0.004909186	0.027949086	0.002800118	0	0	0
6936	0.004909186	0.027949086	0.002800118	0	0	0
6940	0.004909186	0.027949086	0.002800118	0	0	0
6944	0.004909186	0.027949086	0.002800118	0	0	0
6948	0.004909186	0.027949086	0.002800118	0	0	0
6952	0.004909186	0.027949086	0.002800118	0	0	0
6956	0.004909186	0.027949086	0.002800118	0	0	0
6960	0.004909186	0.027949086	0.002800118	0	0	0
6964	0.004909186	0.027949086	0.002800118	0	0	0
6968	0.004909186	0.027949086	0.002800118	0	0	0
6972	0.004909186	0.027949086	0.002800118	0	0	0
6976	0.004909186	0.027949086	0.002800118	0	0	0
6980	0.004909186	0.027949086	0.002800118	0	0	0
6984	0.004909186	0.027949086	0.002800118	0	0	0
6988	0.004909186	0.027949086	0.002800118	0	0	0
6992	0.004909186	0.027949086	0.002800118	0	0	0
6996	0.004909186	0.027949086	0.002800118	0	0	0
7000	0.004909186	0.027949086	0.002800118	0	0	0
7004	0.004909186	0.027949086	0.002800118	0	0	0
7008	0.004909186	0.027949086	0.002800118	0	0	0
7012	0.004909186	0.027949086	0.002800118	0	0	0
7016	0.004909186	0.027949086	0.002800118	0	0	0
7020	0.004909186	0.027949086	0.002800118	0	0	0
7024	0.004909186	0.027949086	0.002800118	0	0	0
7028	0.004909186	0.027949086	0.002800118	0	0	0
7032	0.004909186	0.027949086	0.002800118	0	0	0
7036	0.004909186	0.027949086	0.002800118	0	0	0
7040	0.004909186	0.027949086	0.002800118	0	0	0
7044	0.004909186	0.027949086	0.002800118	0	0	0
7048	0.004909186	0.027949086	0.002800118	0	0	0
7052	0.004909186	0.027949086	0.002800118	0	0	0
7056	0.004909186	0.027949086	0.002800118	0	0	0
7060	0.004909186	0.027949086	0.002800118	0	0	0
7064	0.004909186	0.027949086	0.002800118	0	0	0
7068	0.004909186	0.027949086	0.002800118	0	0	0
7072	0.004909186	0.027949086	0.002800118	0	0	0
7076	0.004909186	0.027949086	0.002800118	0	0	0
7080	0.004909186	0.027949086	0.002800118	0	0	0
7084	0.004909186	0.027949086	0.002800118	0	0	0
7088	0.004909186	0.027949086	0.002800118	0	0	0
7092	0.004909186	0.027949086	0.002800118	0	0	0
7096	0.004909186	0.027949086	0.002800118	0	0	0
7100	0.004909186	0.027949086	0.002800118	0	0	0
7104	0.004909186	0.027949086	0.002800118	0	0	0
7108	0.004909186	0.027949086	0.002800118	0	0	0
7112	0.004909186	0.027949086	0.002800118	0	0	0
7116	0.004909186	0.027949086	0.002800118	0	0	0
7120	0.004909186	0.027949086	0.002800118	0	0	0
7124	0.004909186	0.027949086	0.002800118	0	0	0
7128	0.004909186	0.027949086	0.002800118	0	0	0
7132	0.004909186	0.027949086	0.002800118	0	0	0
7136	0.004909186	0.027949086	0.002800118	0	0	0
7140	0.004909186	0.027949086	0.002800118	0	0	0
7144	0.004909186	0.027949086	0.002800118	0	0	0
7148	0.004909186	0.027949086	0.002800118	0	0	0
7152	0.004909186	0.027949086	0.002800118	0	0	0
7156	0.004909186	0.027949086	0.002800118	0	0	0
7160	0.004909186	0.027949086	0.002800118	0	0	0
7164	0.004909186	0.027949086	0.002800118	0	0	0
7168	0.004909186	0.027949086	0.002800118	0	0	0
7172	0.004909186	0.027949086	0.002800118	0	0	0
7176	0.004909186	0.027949086	0.002800118	0	0	0
7180	0.004909186	0.027949086	0.002800118	0	0	0
7184	0.004909186	0.027949086	0.002800118	0	0	0
7188	0.004909186	0.027949086	0.002800118	0	0	0
7192	0.004909186	0.027949086	0.002800118	0	0	0
7196	0.004909186	0.027949086	0.002800118	0	0	0
7200	0.004909186	0.027949086	0.002800118	0	0	0
7204	0.004909186	0.027949086	0.002800118	0	0	0
7208	0.004909186	0.027949086	0.002800118	0	0	0
7212	0.004909186	0.027949086	0.002800118	0	0	0
7216	0.004909186	0.027949086	0.002800118	0	0	0
7220	0.004909186	0.027949086	0.002800118	0	0	0
7224	0.004909186	0.027949086	0.002800118	0	0	0
7228	0.004909186	0.027949086	0.002800118	0	0	0
7232	0.004909186	0.027949086	0.002800118	0	0	0
7236	0.004909186	0.027949086	0.002800118	0	0	0
7240	0.004909186	0.027949086	0.002800118	0	0	0
7244	0.004909186	0.027949086	0.002800118	0	0	0
7248	0.004909186	0.027949086	0.002800118	0	0	0
7252	0.004909186	0.027949086	0.002800118	0	0	0
7256	0.004909186	0.027949086	0.002800118	0	0	0
7260	0.004909186	0.027949086	0.002800118	0	0	0
7264	0.004909186	0.027949086	0.002800118	0	0	0
7268	0.004909186	0.027949086	0.002800118	0	0	0
7272	0.004909186	0.027949086	0.002800118	0	0	0
7276	0.004909186	0.027949086	0.002800118	0	0	0
7280	0.004909186	0.027949086	0.002800118	0	0	0
7284	0.004909186	0.027949086	0.002800118	0	0	0
7288	0.004909186	0.027949086	0.002800118	0	0	0
7292	0.004909186	0.027949086	0.002800118	0	0	0
7296	0.004909186	0.027949086	0.002800118	0	0	0
7300	0.004909186	0.027949086	0.002800118	0	0	0
7304	0.004909186	0.027949086	0.002800118	0	0	0
7308	0.004909186	0.027949086	0.002800118	0	0	0
7312	0.004909186	0.027949086	0.002800118	0	0	0
7316	0.004909186	0.027949086	0.002800118	0	0	0
7320	0.004909186	0.027949086	0.002800118	0	0	0
7324	0.004909186	0.027949086	0.002800118	0	0	0
7328	0.004909186	0.027949086	0.002800118	0	0	0
7332	0.004909186	0.027949086	0.002800118	0	0	0
7336	0.004909186	0.027949086	0.002800118	0	0	0
7340	0.004909186	0.027949086	0.002800118	0	0	0
7344	0.004909186	0.027949086	0.002800118	0	0	0
7348	0.004909186	0.027949086	0.002800118	0	0	0
7352	0.004909186	0.027949086	0.002800118	0	0	0
7356	0.004909186	0.027949086	0.002800118	0	0	0
7360	0.004909186	0.027949086	0.002800118	0	0	0
7364	0.004909186	0.027949086	0.002800118	0	0	0
